182.751 -20.1281 470.27
182.736 -19.4531 386.132
182.673 -20.3792 495.322
182.479 -19.6671 561.29
182.432 -19.7496 416.891
182.655 -20.3688 500.824
184.35 -20.7568 209.632
185.307 -21.0302 73.1871
182.668 -20.2479 508.737
182.641 -20.2216 502.012
182.817 -19.5978 527.24
185.069 -21.1707 64.1219
183.694 -20.1518 295.156
182.731 -19.919 581.113
183.86 -20.9918 203.54
184.54 -20.7045 128.007
183.887 -20.0188 256.539
182.643 -20.2992 530.205
182.697 -20.3729 523.764
182.67 -20.3614 509.897
184.695 -21.0957 113.329
182.782 -20.0848 568.244
184.358 -20.3253 195.673
182.482 -20.0863 386.945
184.456 -20.4003 168.424
181.784 -19.637 677.266
184.366 -20.287 177.407
182.469 -19.665 404.574
184.67 -21.2443 90.616
182.753 -20.0894 463.986
182.728 -19.5673 541.333
184.066 -20.939 186.707
182.62 -20.2691 580.459
184.597 -21.0507 129.947
182.008 -20.0339 617.434
183.861 -20.9891 207.542
182.825 -19.9424 553.143
185.195 -20.8931 66.8635
184.133 -20.3501 218.882
184.986 -21.4506 66.6825
182.165 -20.1518 573.033
182.767 -20.271 493.695
183.912 -20.4324 252.628
182.615 -20.1569 524.333
182.478 -19.6039 642.251
182.857 -19.6945 515.292
182.751 -20.1615 524.75
182.814 -19.563 528.575
183.731 -20.5644 252.9
182.389 -19.678 617.106
185.382 -20.7496 81.7078
182.753 -20.3089 491.491
182.667 -19.6897 460.237
184.191 -20.4927 195.308
184.74 -20.7806 154.324
182.541 -19.7256 404.534
182.809 -20.1171 494.036
183.94 -21.0021 189.506
182.771 -20.1874 495.731
182.695 -20.02 517.078
184.135 -21.1157 157.863
184.179 -20.3834 191.564
182.324 -19.7883 651.124
182.892 -19.7848 537.336
182.903 -20.118 484.974
182.627 -19.5637 535.348
183.872 -20.0005 258.416
182.373 -19.8333 593.672
182.096 -20.0226 639.553
183.556 -20.5634 268.418
182.364 -19.9292 426.047
182.552 -20.2504 547.916
182.643 -20.3888 386.186
184.289 -20.6391 174.33
182.568 -20.286 564.654
182.72 -20.3981 460.047
182.539 -20.3165 380.489
182.707 -20.2418 539.865
184.102 -20.4871 226.179
182.584 -19.9047 427.711
183.788 -20.2301 256.569
182.527 -19.866 414.108
182.712 -19.5791 567.881
183.987 -20.399 234.354
184.732 -21.384 77.8122
181.887 -19.9958 609.712
182.572 -20.3426 583.791
182.273 -19.8341 602.627
182.83 -19.7951 549.848
183.637 -20.7798 228.331
182.223 -19.7097 590.965
184.495 -20.4158 160.29
182.555 -19.721 619.22
183.751 -20.551 256.308
182.2 -20.1432 573.205
183.978 -20.8862 197.153
184.706 -20.593 117.551
184.373 -20.5162 161.539
183.193 -20.5063 295.268
182.366 -19.8216 422.642
182.318 -20.0832 419.09
184.178 -21.0235 154.84
182.775 -20.2473 480.775
184.002 -20.82 208.293
184.156 -20.9474 163.069
182.702 -20.1447 499.977
182.668 -20.2544 481.626
182.881 -20.1355 491.447
182.489 -20.0285 434.15
182.728 -20.2767 497.942
185.092 -21.3719 61.3388
182.768 -20.0546 542.404
182.422 -19.6565 613.703
182.861 -19.518 539.161
182.733 -20.3612 523.215
182.538 -19.8213 578.232
182.307 -20.1571 559.403
184.408 -21.0453 132.289
184.266 -20.3826 189.928
184.951 -20.9462 81.8001
182.821 -20.1244 510.518
183.656 -20.4907 257.802
182.557 -19.9504 433.551
183.991 -20.7843 213.329
181.904 -19.9663 660.572
183.636 -20.4696 267.323
182.536 -19.9066 560.982
182.204 -20.0788 584.091
184.039 -20.5116 215.044
184.522 -20.5592 144.377
185.082 -20.74 73.7006
182.387 -19.7853 412.296
182.773 -19.9866 505.041
183.766 -20.7465 272.248
182.53 -19.897 618.974
182.677 -20.301 523.902
182.765 -20.2178 424.984
182.608 -19.5786 388.973
182.686 -20.3421 505.474
182.445 -19.832 451.139
182.666 -20.3478 541.65
184.019 -20.5895 219.795
182.665 -20.0247 383.944
184.691 -20.4025 191.879
182.771 -20.3494 509.571
185.11 -20.7949 75.3526
184.831 -20.5617 100.197
184.391 -20.3312 190.476
182.514 -19.9606 418.465
183.39 -20.3849 324.682
182.725 -20.3351 527.372
182.681 -19.8063 385.559
182.573 -19.7356 404.717
184.934 -20.6442 95.4254
183.851 -20.7159 225.475
182.662 -20.032 501.694
185.162 -21.114 67.6575
182.719 -19.9465 552.147
184.48 -20.7082 147.036
184.069 -20.6738 201.9
183.27 -20.4286 308.996
184.862 -20.5412 104.088
182.583 -20.1822 523.819
184.401 -20.5922 223.12
182.541 -19.987 558.28
182.391 -19.6539 457.917
181.967 -20.0479 610.365
182.736 -19.7421 415.011
184.859 -21.0973 75.2243
184.705 -21.3534 76.5986
183.372 -20.2373 320.133
185.277 -20.9303 93.7731
184.223 -20.503 203.99
