184.307 -21.8945 146.301
182.53 -21.1638 473.412
182.527 -21.0361 478.045
182.267 -20.4616 551.296
181.983 -20.8999 579.819
181.734 -20.6592 623.254
182.764 -20.8192 438.792
183.822 -21.6562 176.185
182.046 -20.6712 566.371
183.772 -21.4259 195.208
183.765 -21.6925 172.335
184.824 -21.9667 55.5909
182.046 -21.0187 583.427
182.004 -20.5902 577.481
182.485 -21.5047 391.923
183.196 -21.4831 245.927
183.907 -21.9557 144.768
181.842 -20.7671 601.662
182.384 -20.6045 526.081
181.514 -20.865 617.549
182.343 -20.7042 595.214
181.658 -21.037 579.146
185.079 -21.8171 76.8775
182.526 -20.8039 471.019
182.577 -21.3285 394.551
181.607 -20.7875 618.226
184.63 -21.973 64.4627
182.207 -21.41 420.965
182.363 -21.0621 487.216
182.59 -21.3038 374.582
182.53 -20.6057 522.915
181.622 -20.4148 689.543
182.097 -20.6754 597.776
183.807 -21.5746 178.525
181.635 -21.0707 581.485
181.836 -20.7687 602.495
181.713 -20.5763 605.737
182.632 -21.2881 448.599
184.721 -21.8615 104.541
183.723 -21.9159 169.061
181.773 -20.5485 596.093
182.237 -20.9964 476.491
183.407 -21.7024 259.717
182.542 -21.4438 396.532
182.263 -20.5993 518.676
182.104 -20.4524 557.496
183.874 -21.6081 185.002
182.686 -20.8073 476.83
181.339 -20.893 645.852
183.068 -21.5491 254.26
181.726 -21.1173 614.861
181.742 -20.5609 617.332
184.692 -22.0432 62.584
182.442 -20.5814 577.478
184.893 -21.7855 75.985
183.694 -21.978 172.16
181.773 -21.0948 536.497
183.842 -21.2794 194.142
183.894 -21.2708 187.617
182.292 -21.4243 444.812
184.316 -21.4896 104.968
182.473 -20.7439 504.814
182.536 -20.8855 459.803
182.568 -20.722 479.451
182.514 -21.413 384.825
181.828 -20.7789 547.905
181.195 -20.9425 627.738
182.277 -21.1783 470.868
181.956 -20.5035 571.195
181.879 -21.0855 589.619
182.457 -20.7972 508.808
184.436 -21.82 90.5907
181.997 -20.9623 493.955
183.991 -21.4652 159.586
181.827 -20.7718 559.595
182.061 -20.6232 541.224
184.072 -21.3717 158.418
182.262 -21.2819 499.11
182.413 -20.7191 550.683
183.721 -21.7908 182.539
182.401 -20.6386 482.818
181.913 -20.7239 569.258
184.85 -21.7957 72.9513
182.533 -20.6408 575.259
181.701 -20.5659 626.511
182.46 -20.9593 516.351
182.272 -20.5618 601.459
183.819 -21.6627 182.302
183.283 -21.1318 268.955
183.801 -21.662 180.273
182.05 -20.7267 591.148
181.654 -20.6395 659.662
184.133 -21.4385 152.819
181.78 -20.8799 609.036
182.437 -21.2044 406.641
182.064 -21.2749 490.616
184.05 -21.4626 155.843
182.165 -20.4316 544.581
182.55 -21.1985 421.891
184.43 -21.5838 97.5401
183.686 -21.5243 201.028
181.704 -20.8718 604.546
183.733 -21.9119 166.457
183.677 -21.9324 178.423
184.046 -21.3528 164.824
181.879 -20.3891 594.188
183.738 -21.188 212.642
182.6 -20.6561 515.376
183.589 -21.4169 220.89
182.496 -20.8596 530.278
184.167 -22.1229 114.727
181.608 -20.5522 606.699
182.668 -21.1353 390.791
183.905 -21.4572 193.6
182.654 -21.3769 340.827
181.758 -20.5226 700.91
181.798 -20.5498 625.059
181.992 -21.0528 630.271
182.009 -20.6597 607.475
184.723 -21.7152 69.2652
181.827 -20.8741 616.299
184.523 -22.5243 57.5531
