184.37 -19.9107 222.994
184.268 -19.0076 292.196
181.71 -17.7307 577.574
181.691 -17.7585 588.056
182.129 -18.0024 573.527
184.834 -19.5846 226.703
182.454 -18.0748 604.363
184.361 -19.7535 226.588
184.477 -19.4933 230.917
182.335 -18.0118 631.066
182.341 -18.4312 501.231
182.04 -17.8504 588.267
182.717 -18.5747 587.404
184.414 -19.8489 247.173
182.88 -19.1572 581.82
182.836 -19.1564 558.703
184.318 -19.7239 228.69
181.436 -17.5584 582.596
182.792 -19.2115 575.374
184.469 -20.0136 249.716
182.439 -18.6301 457.296
182.109 -18.4407 454.661
185.651 -20.2254 101.306
182.1 -18.0255 616.986
182.591 -18.3864 577.037
181.937 -17.9012 594.187
181.77 -17.8316 606.165
184.439 -19.6456 226.281
181.481 -17.6695 564.578
182.047 -17.9059 600.524
182.603 -18.8997 510.488
182.822 -19.0791 549.179
182.866 -19.06 398.392
183.86 -18.9682 325.605
184.949 -19.3603 156.089
182.441 -18.2975 605.681
184.572 -19.8459 185.861
182.728 -18.8217 605.273
181.803 -17.9493 607.21
182.53 -18.2223 614.915
182.739 -19.0042 494.17
181.964 -17.853 630.616
185.062 -20.0483 155.463
182.908 -19.076 540.06
181.827 -17.7643 520.432
184.138 -18.9786 288.888
184.537 -19.5341 204.467
182.171 -18.4592 468.526
185.43 -19.9568 76.7376
184.311 -19.3891 248.442
185.076 -20.0138 157.588
182.057 -17.8772 539.411
184.894 -19.9549 182.95
182.457 -18.061 516.943
182.597 -18.5 639.263
182.016 -17.8788 623.015
185.472 -20.1063 79.8858
182.124 -18.166 580.692
181.972 -17.8783 654.177
181.794 -17.7845 580.26
185.007 -19.4698 146.284
182.133 -18.1409 511.624
182.51 -18.8095 515.991
182.4 -18.1962 594.308
185.566 -20.4704 91.6269
184.971 -20.077 169.406
182.493 -18.8135 621.617
181.484 -17.708 569.348
184.361 -19.6631 234.222
181.713 -17.805 588.712
184.99 -20.0496 152.822
186.055 -20.062 71.4369
180.802 -17.8839 588.095
181.976 -17.9117 608.145
181.781 -17.8246 594.138
184.814 -19.4881 178.544
185.605 -19.6823 70.6773
182.12 -17.8989 572.898
184.689 -20.0958 208.876
182.723 -19.042 625.557
184.623 -20.0291 179.274
182.972 -19.1188 549.359
185.126 -19.5842 125.416
182.009 -18.065 576.926
182.848 -19.1817 569.0
181.459 -17.892 528.54
185.01 -20.0643 155.406
182.897 -19.0856 391.222
182.106 -18.0491 602.022
184.859 -20.057 173.423
184.992 -19.8922 132.483
182.509 -18.234 567.779
182.511 -18.3157 586.631
184.4 -19.6168 235.745
181.816 -17.8211 586.406
182.755 -18.8075 581.665
185.119 -19.9147 123.234
181.923 -17.974 617.203
182.792 -19.1938 564.878
182.909 -19.2113 621.731
182.664 -18.8506 612.643
181.642 -17.7706 561.1
182.463 -18.4069 580.783
184.49 -19.1236 247.648
182.649 -18.5723 594.382
183.015 -18.8976 394.93
181.597 -17.6626 568.992
181.666 -17.7578 563.432
184.437 -19.5942 228.561
182.077 -18.5959 454.561
184.253 -19.9146 229.78
181.215 -17.5483 529.465
180.669 -17.7284 622.844
182.542 -18.0981 615.119
182.014 -17.913 612.917
182.324 -18.0371 596.244
182.687 -19.0047 453.637
184.653 -19.3727 251.501
184.982 -19.8751 134.444
184.224 -19.3223 248.131
181.391 -17.6172 554.126
182.633 -18.7479 668.633
182.8 -19.0323 590.501
182.393 -18.9799 402.3
184.589 -20.0663 164.001
181.944 -17.8655 668.287
182.256 -18.8106 465.904
182.043 -17.8909 640.107
185.545 -20.0377 117.342
183.164 -18.6876 350.08
182.352 -18.1209 661.761
184.377 -19.9389 240.331
185.404 -19.655 108.076
184.396 -20.0068 260.225
185.206 -19.5047 157.94
184.38 -19.1357 250.445
184.489 -19.5652 229.109
182.852 -19.1664 603.971
182.111 -18.382 458.308
182.531 -18.3441 617.001
184.587 -19.5117 214.19
182.08 -17.974 595.695
185.237 -20.1126 78.4519
185.122 -20.2907 94.4485
182.689 -18.7794 611.948
182.599 -18.8759 652.918
185.096 -19.3749 126.268
184.554 -19.9228 230.518
182.078 -17.8706 546.827
182.732 -18.8685 570.026
183.61 -19.2428 312.404
184.42 -19.0802 246.166
182.855 -19.1684 532.826
182.417 -18.5203 454.974
184.685 -19.4098 189.108
181.942 -17.9108 595.826
184.633 -19.4983 191.901
181.691 -17.7343 595.993
181.883 -17.9211 616.063
182.642 -18.7519 631.928
181.84 -17.8341 638.883
185.591 -19.6785 77.9918
185.193 -19.7116 101.647
185.422 -19.9233 73.2134
182.658 -18.7634 602.143
185.17 -20.1215 144.288
185.395 -20.0362 75.5372
182.605 -18.8038 610.323
182.688 -18.913 483.134
184.448 -19.6172 224.271
181.736 -17.7797 609.193
185.257 -20.202 76.348
185.266 -19.7 93.3609
185.033 -19.858 173.857
184.949 -20.1253 165.385
183.173 -19.1934 385.595
185.488 -20.1438 106.234
184.372 -19.5222 237.202
