183.725114 -18.137902
183.725123 -18.140142
183.725254 -18.142382
183.725266 -18.145566
183.724417 -18.148988
183.724429 -18.152172
183.724435 -18.153823
183.724568 -18.156534
183.724583 -18.160543
183.723978 -18.163375
183.723253 -18.166915
183.723265 -18.170098
183.722420 -18.174699
183.722307 -18.177293
183.721950 -18.180713
183.721592 -18.183662
183.721110 -18.186375
183.721123 -18.189912
183.720893 -18.194274
183.721148 -18.196631
183.721165 -18.201228
183.721181 -18.205472
183.721190 -18.207829
183.721074 -18.209716
183.720960 -18.212191
183.721095 -18.215374
183.720372 -18.219619
183.720382 -18.222330
183.720400 -18.227045
183.719682 -18.232705
183.718960 -18.237068
183.718491 -18.243433
183.718390 -18.249091
183.716927 -18.253102
183.716205 -18.257347
183.714987 -18.260887
183.713771 -18.264779
183.713410 -18.267020
183.712319 -18.271737
183.712329 -18.274329
183.711850 -18.277983
183.711368 -18.280813
183.710888 -18.284114
183.709792 -18.287299
183.706255 -18.295911
183.704061 -18.301810
183.702352 -18.305468
183.700278 -18.310540
183.699305 -18.313724
183.698577 -18.316436
183.696259 -18.321981
183.695038 -18.324694
183.693207 -18.328824
183.691870 -18.333540
183.690526 -18.336136
183.688817 -18.340029
183.687104 -18.342626
183.685637 -18.345340
183.684414 -18.347464
183.683194 -18.350530
183.681607 -18.354069
183.680387 -18.357018
183.679041 -18.359142
183.676102 -18.363157
183.674024 -18.366932
183.671943 -18.370237
183.670725 -18.373656
183.669996 -18.376132
183.668039 -18.379436
183.665722 -18.385331
183.664009 -18.388163
183.662790 -18.391229
183.661451 -18.395355
183.657048 -18.402788
183.653994 -18.409156
183.650454 -18.416939
183.648136 -18.422716
183.645936 -18.426844
183.642146 -18.433685
183.640316 -18.438164
183.637009 -18.442414
183.633842 -18.451488
183.628948 -18.459391
183.625526 -18.466112
183.621984 -18.473539
183.619171 -18.478139
183.616605 -18.483208
183.612810 -18.488988
183.610981 -18.493466
183.608659 -18.497946
183.606708 -18.503130
183.603893 -18.507376
183.599618 -18.516216
183.595953 -18.523641
183.592653 -18.529888
183.589599 -18.536134
183.586177 -18.542852
183.583129 -18.550627
183.579220 -18.558522
183.576410 -18.564296
183.573482 -18.571246
183.569809 -18.576552
183.565770 -18.582682
183.563206 -18.588336
183.559789 -18.596345
183.557350 -18.602352
183.555399 -18.607415
183.552346 -18.613776
183.549901 -18.618371
183.547459 -18.623553
183.545627 -18.627322
183.543675 -18.632033
183.540863 -18.637216
183.538172 -18.641693
183.536092 -18.645110
183.533648 -18.649939
183.530958 -18.654768
183.529371 -18.658183
183.527539 -18.662069
183.526829 -18.663488
183.524658 -18.668316
183.520856 -18.676442
183.516681 -18.684043
183.512941 -18.692168
183.508836 -18.700764
183.503704 -18.711421
183.499653 -18.719137
183.496574 -18.725554
183.491985 -18.735033
183.489098 -18.742327
183.485655 -18.749216
183.481426 -18.757635
183.476180 -18.769403
183.472430 -18.776410
183.469062 -18.784938
183.465316 -18.792296
183.460732 -18.802416
183.457233 -18.810006
183.452708 -18.819772
183.448359 -18.828540
183.442929 -18.840305
183.440272 -18.845718
183.435681 -18.854897
183.435369 -18.861639
183.435250 -18.869317
183.435118 -18.875413
183.434934 -18.882739
183.434531 -18.885907
183.433688 -18.887847
183.433832 -18.890424
183.433868 -18.894584
183.434140 -18.897746
183.434108 -18.901145
183.434078 -18.904836
183.433864 -18.908588
183.433893 -18.912044
183.434004 -18.917843
183.434182 -18.924345
183.434198 -18.926161
183.434081 -18.926865
183.434102 -18.929325
183.434125 -18.932078
183.434095 -18.935711
183.434071 -18.940104
183.433708 -18.948015
183.432661 -18.954993
183.431899 -18.959275
183.431379 -18.963086
183.431488 -18.968767
183.431403 -18.973160
183.431681 -18.976965
183.431973 -18.982409
183.432693 -18.987615
183.433109 -18.993176
183.433517 -18.997039
183.433638 -19.001494
183.433730 -19.004894
183.434317 -19.008399
183.435161 -19.012249
183.435278 -19.016586
183.435544 -19.021858
183.436104 -19.028882
183.436455 -19.032744
183.436582 -19.037432
183.436662 -19.040362
183.437394 -19.044684
183.438010 -19.049229
183.438352 -19.053324
183.438956 -19.059290
183.439493 -19.064613
183.440091 -19.069935
183.440997 -19.075313
183.441718 -19.080633
183.442616 -19.085133
183.443201 -19.088816
183.444030 -19.092379
183.445482 -19.096992
183.446443 -19.101607
183.447093 -19.105757
183.447802 -19.109614
183.448640 -19.114231
183.449670 -19.119840
183.451013 -19.126032
183.451348 -19.129190
183.452115 -19.132694
183.452937 -19.135496
183.454080 -19.139817
183.455167 -19.144782
183.456124 -19.148987
183.456837 -19.153369
183.457615 -19.158161
183.458076 -19.161784
183.458385 -19.167342
183.458855 -19.168519
183.459224 -19.171797
183.459776 -19.175136
183.460808 -19.179068
183.461229 -19.182814
183.461786 -19.185920
183.462350 -19.188617
183.462580 -19.192710
183.462508 -19.196506
183.462412 -19.201586
183.462457 -19.205735
183.462814 -19.209596
183.462946 -19.212402
183.463373 -19.215797
183.463509 -19.218369
183.463753 -19.221761
183.464360 -19.225392
183.464629 -19.227441
183.464934 -19.230834
183.465188 -19.233641
183.465325 -19.236155
183.465401 -19.238667
183.465918 -19.240603
183.466187 -19.242652
183.466892 -19.244358
183.467234 -19.245823
183.467566 -19.247756
183.467463 -19.249973
183.467533 -19.252778
183.467559 -19.254647
183.467504 -19.257565
183.467400 -19.259783
183.467114 -19.261880
183.467082 -19.263573
183.467172 -19.265326
183.467925 -19.267791
183.468678 -19.270256
183.468698 -19.272475
183.468755 -19.275921
183.468682 -19.279774
183.468599 -19.284209
183.468416 -19.287359
183.468046 -19.290680
183.467362 -19.294288
183.466697 -19.296963
183.466075 -19.300571
183.465032 -19.303706
183.464633 -19.305275