183.864364 -19.182837
183.863992 -19.183184
183.863488 -19.184525
183.862800 -19.185806
183.861800 -19.187610
183.861049 -19.189066
183.860538 -19.191049
183.858913 -19.194018
183.858221 -19.195708
183.856721 -19.198385
183.856213 -19.200135
183.855700 -19.202352
183.855001 -19.204802
183.854309 -19.206550
183.853060 -19.208703
183.852363 -19.210861
183.851422 -19.212958
183.850226 -19.215929
183.849655 -19.217854
183.849084 -19.219720
183.848330 -19.221526
183.847448 -19.223799
183.846818 -19.225489
183.845993 -19.228229
183.845485 -19.230038
183.844665 -19.232252
183.844031 -19.234293
183.843270 -19.236800
183.842266 -19.239072
183.841942 -19.240823
183.841804 -19.242458
183.841483 -19.243917
183.841339 -19.246137
183.841069 -19.248649
183.840556 -19.250982
183.840164 -19.253376
183.839893 -19.256062
183.839564 -19.258398
183.839296 -19.260792
183.838775 -19.263827
183.838446 -19.266221
183.838171 -19.269258
183.837652 -19.272176
183.837322 -19.274569
183.837369 -19.276089
183.837107 -19.277840
183.836661 -19.279532
183.836258 -19.283152
183.835872 -19.285019
183.835673 -19.286537
183.835222 -19.288812
183.834636 -19.292313
183.833861 -19.296222
183.833595 -19.298441
183.833144 -19.300658
183.832943 -19.302351
183.832605 -19.305620
183.832462 -19.307781
183.831943 -19.310698
183.831671 -19.313501
183.831393 -19.316888
183.831120 -19.319748
183.830595 -19.323250
183.830178 -19.328446
183.830090 -19.331192
183.829866 -19.335455
183.829468 -19.338548
183.829073 -19.341291
183.828984 -19.344211
183.828963 -19.346431
183.828930 -19.349994
183.828787 -19.352096
183.828758 -19.355192
183.828975 -19.358232
183.829198 -19.360629
183.829354 -19.363668 
184.042726 -19.341419
184.042705 -19.343639
184.042613 -19.346851
184.042770 -19.349774
184.042685 -19.352285
184.042903 -19.355149
184.042881 -19.357486
184.042852 -19.360582
184.042639 -19.363618
184.042851 -19.367183
184.042707 -19.369460
184.042322 -19.371209
184.042179 -19.373369
184.041830 -19.377747
184.041798 -19.381134
184.041767 -19.384463
184.041678 -19.387324
184.041564 -19.392872
184.041662 -19.395559
184.041824 -19.397897
184.041681 -19.400057
184.041229 -19.402330
184.039656 -19.406230
184.039082 -19.408503
184.037887 -19.411354
184.036811 -19.414673
184.036044 -19.417820
184.035890 -19.421148
184.036482 -19.423547
184.037009 -19.426237
184.037724 -19.428696
184.038372 -19.431563
184.038595 -19.434017
184.038574 -19.436236
184.038105 -19.440377
184.037835 -19.442944
184.037806 -19.446038
184.037650 -19.449540
184.037623 -19.452401
184.037524 -19.456370
184.037362 -19.460455
184.036960 -19.464013
184.036625 -19.466987
184.036595 -19.470140
184.036575 -19.472241
184.036796 -19.474928
184.036636 -19.478779
184.036789 -19.482108
184.036758 -19.485435
184.036915 -19.488297
184.036873 -19.492732
184.036846 -19.495651
184.036811 -19.499269
184.036762 -19.504463
184.036673 -19.507381
184.036627 -19.512283
184.036462 -19.516717
184.035981 -19.522140
184.035634 -19.526339
184.035293 -19.529954
184.034251 -19.536189
184.033277 -19.541666
184.032571 -19.544811
184.031418 -19.549819
184.030898 -19.552791
184.030127 -19.556343
184.029663 -19.560015
184.028390 -19.564613
184.027989 -19.568052
184.027095 -19.571662
184.026378 -19.575973
184.025415 -19.580340
184.025202 -19.583372
184.024432 -19.586865
184.023464 -19.591757
184.022574 -19.594841
184.021547 -19.599557
184.020773 -19.603400
184.020120 -19.607478
184.018659 -19.612481
184.016680 -19.620397
184.015905 -19.624298
184.014759 -19.628604
184.014112 -19.632039
184.013467 -19.635241
184.012518 -19.638149
184.011696 -19.640591
184.010671 -19.644956
184.009777 -19.648564
184.008891 -19.651297
184.008003 -19.654205
184.007102 -19.658570
184.005822 -19.663924
184.004989 -19.667532
184.003716 -19.672185
184.002934 -19.676901
184.001907 -19.681557
184.000310 -19.687956
183.999538 -19.691680
183.998263 -19.696567
183.997048 -19.701511
183.995774 -19.706280
183.994509 -19.710117
183.993175 -19.714769
183.992224 -19.717850
183.991639 -19.721225
183.991181 -19.724194
183.990045 -19.727274
183.988969 -19.730587
183.987816 -19.735589
183.986988 -19.738729
183.986213 -19.742685
183.985642 -19.744546
183.984877 -19.747453
183.984301 -19.749896
183.981670 -19.750827
183.981182 -19.752459
183.980451 -19.754734
183.979965 -19.756950
183.978929 -19.759866
183.978749 -19.761789
183.978263 -19.763713
183.977717 -19.766570
183.976686 -19.771525
183.976139 -19.774149
183.975778 -19.776830
183.974741 -19.779629
183.973766 -19.782778
183.972850 -19.784761
183.972241 -19.786801
183.971327 -19.789775
183.970230 -19.792924
183.969253 -19.795431
183.968216 -19.797939
183.967117 -19.800446
183.966264 -19.803245
183.965166 -19.806335
183.964557 -19.808259
183.963703 -19.810649
183.962666 -19.813506
183.961875 -19.816246
183.960592 -19.818987
183.959372 -19.822135
183.958335 -19.824933
183.957421 -19.827673
183.956322 -19.830472
183.955655 -19.833677
183.954680 -19.836824
183.953826 -19.839273
183.952731 -19.843177
183.951085 -19.848015
183.949867 -19.852095
183.948464 -19.855884
183.947182 -19.858915
183.945962 -19.862237
183.944317 -19.867599
183.943158 -19.870513
183.941998 -19.873253
183.941085 -19.876574
183.939986 -19.879139
183.938644 -19.882868
183.937301 -19.885783
183.936081 -19.889163
183.935471 -19.890969
183.934863 -19.893242
183.934255 -19.895514
183.933343 -19.899359
183.932613 -19.901980
183.931515 -19.905127
183.930358 -19.909030
183.928957 -19.913749
183.927860 -19.916953
183.926272 -19.920450
183.925112 -19.923131
183.923829 -19.925695
183.922609 -19.928841
183.922003 -19.931986
183.920602 -19.936879
183.919569 -19.941130
183.918472 -19.944509
183.915476 -19.949638
183.913580 -19.952669
183.911807 -19.955990
183.909976 -19.960243
183.908571 -19.963389
183.906921 -19.966361
183.904964 -19.969741
183.903500 -19.973585
183.901729 -19.977372
183.899649 -19.980635
183.897385 -19.984015
183.896533 -19.987043
183.895315 -19.990828
183.893913 -19.995079
183.892939 -19.998631
183.892149 -20.002008
183.890992 -20.005792
183.889771 -20.008704
183.889041 -20.011382
183.887514 -20.014877
183.886418 -20.018428
183.884525 -20.022912
183.882632 -20.026814
183.880800 -20.031007
183.878356 -20.036132
183.876402 -20.040499
183.874815 -20.044284
183.873473 -20.047777
183.871947 -20.051503
183.870239 -20.056102
183.869144 -20.060409
183.867804 -20.064832
183.866588 -20.069371
183.865677 -20.073445
183.864886 -20.076703
183.863670 -20.081417
183.862577 -20.086304
183.861360 -20.090959
183.860326 -20.095032
183.859109 -20.099513
183.858319 -20.102713
183.857288 -20.107716
183.856621 -20.111148
183.855586 -20.114930
183.854677 -20.119699
183.853949 -20.123306
183.852794 -20.127901
183.852070 -20.133194
183.851588 -20.137206
183.850983 -20.140812
183.850684 -20.144068
183.849895 -20.147732
183.849534 -20.150814
183.848807 -20.154594
183.848695 -20.159070
183.848705 -20.163139
183.848346 -20.166802
183.848048 -20.170464
183.847384 -20.175406
183.847332 -20.178952
183.846787 -20.182324
183.845815 -20.186395
183.845515 -20.189069
183.845584 -20.192207
183.845285 -20.195636
183.845171 -20.199065
183.844932 -20.201739
183.844938 -20.204412
183.902358 -20.179037
183.901751 -20.181015
183.901212 -20.184563
183.900610 -20.187646
183.899946 -20.190729
183.898916 -20.194453
183.898129 -20.197362
183.897466 -20.200444
183.897045 -20.202829
183.896440 -20.205272
183.895531 -20.208472
183.894624 -20.211962
183.893837 -20.214987
183.892499 -20.218421
183.891588 -20.221039
183.890315 -20.225402
183.889040 -20.229417
183.887647 -20.234361
183.886492 -20.237503
183.885403 -20.241632
183.884496 -20.245354
183.883284 -20.249600
183.882742 -20.252333
183.882139 -20.255299
183.880988 -20.259486
183.879588 -20.262744
183.878863 -20.265884
183.877408 -20.270653
183.876743 -20.273503
183.875954 -20.275945
183.874860 -20.278912
183.873529 -20.284145
183.872438 -20.288041
183.871106 -20.292867
183.870018 -20.297285
183.869355 -20.300599
183.867839 -20.305774
183.866991 -20.308739
183.866388 -20.311645
183.865420 -20.315540
183.864694 -20.318330
183.863725 -20.321934
183.862880 -20.325770
183.862094 -20.328793
183.860692 -20.331702
183.858804 -20.335890
183.857095 -20.338683
183.855510 -20.341766
183.853862 -20.344327
183.852523 -20.347409
183.851184 -20.350724
183.849907 -20.353980
183.849243 -20.357060
183.848888 -20.360603
183.848779 -20.363913
183.848788 -20.366235
183.848548 -20.367804
183.847637 -20.370362
183.846358 -20.373153
183.844715 -20.377223
183.842827 -20.381351
183.841123 -20.385421
183.839236 -20.389898
183.837776 -20.393386
183.837792 -20.397508
183.837681 -20.400526
183.837567 -20.402907
183.836660 -20.406567
183.835441 -20.409067
183.834468 -20.411624
183.833251 -20.414589
183.831670 -20.418541
183.830641 -20.422376
183.828511 -20.427548
183.826807 -20.431791
183.824924 -20.437195
183.823833 -20.440971
183.822132 -20.445678
183.820614 -20.450093
183.819152 -20.453290
183.817632 -20.457357
183.816110 -20.460960
183.814650 -20.464563
183.813252 -20.468165
183.811976 -20.471767
183.810762 -20.475542
183.809365 -20.479551
183.808093 -20.484080
183.806817 -20.487798
183.805241 -20.493083
183.803902 -20.496394
183.802688 -20.500111
183.801535 -20.503596
183.800748 -20.506615
183.800334 -20.510561
183.799671 -20.513811
183.799318 -20.517815
183.854608 -20.488212
183.853942 -20.490883
183.853280 -20.494250
183.852677 -20.497210
183.851956 -20.501332
183.851113 -20.505627
183.851123 -20.508180
183.850582 -20.511140
183.849860 -20.515087
183.849385 -20.519265
183.848847 -20.523037
183.848122 -20.526345
183.847647 -20.530349
183.847056 -20.536383
183.846278 -20.541663
183.845929 -20.546594
183.845637 -20.550596
183.844850 -20.553441
183.844372 -20.556980
183.844266 -20.561097
183.844586 -20.564575
183.844238 -20.569853
183.843707 -20.575480
183.842928 -20.580353
183.842082 -20.583950
183.841670 -20.588416
183.840225 -20.595958
183.838897 -20.602108
183.837506 -20.607620
183.836657 -20.610463
183.836116 -20.613306
183.835151 -20.617830
183.833875 -20.621487
183.832786 -20.625664
183.831576 -20.630537
183.830855 -20.634597
183.829643 -20.638774
183.828246 -20.642952
183.826846 -20.646086
183.825385 -20.649453
183.824170 -20.652934
183.822772 -20.656764
183.821558 -20.660535
183.820405 -20.664189
183.818949 -20.668772
183.816580 -20.675618
183.815064 -20.680664
183.813605 -20.684494
183.812510 -20.687221
183.811236 -20.691223
183.809902 -20.695805
183.808386 -20.700792
183.807664 -20.704503
183.807244 -20.707053
183.806152 -20.710533
183.805429 -20.714185
183.805134 -20.717430
183.804534 -20.721023
183.804176 -20.723689
183.803512 -20.726704
183.802910 -20.729776