>
180.669993 -15.530729
180.672417 -15.510292
180.680667 -15.476066
180.689746 -15.427010
180.700911 -15.384851
180.714453 -15.338854
180.726118 -15.305632
180.737511 -15.275987
180.748393 -15.240706
180.761890 -15.210801
180.770362 -15.190604
180.776213 -15.167583
180.789197 -15.133058
180.804252 -15.110311
180.811654 -15.096504
180.826977 -15.072218
180.849413 -15.043337
180.864460 -15.023142
180.879500 -15.005763
180.894557 -14.982234
180.910928 -14.959218
180.921486 -14.945666
180.938371 -14.926748
180.953945 -14.906543
180.969526 -14.883774
180.985099 -14.863565
180.997237 -14.849498
181.011492 -14.830565
181.022839 -14.817006
181.031032 -14.802670
> 
181.005274 -14.796960
181.013988 -14.784418
181.033007 -14.754977
181.047272 -14.732444
181.062595 -14.707603
181.075814 -14.683011
181.085863 -14.663539
181.094611 -14.638929
181.102027 -14.620216
181.112342 -14.599456
181.119496 -14.580738
181.124524 -14.569458
181.132197 -14.553049
> 
181.129418 -14.512222
181.139736 -14.490424
181.155881 -14.454002
181.164883 -14.432452
181.173889 -14.409872
181.188440 -14.379084
181.202466 -14.348034
181.212000 -14.324162
181.220738 -14.303113
181.231855 -14.277956
181.244281 -14.254599
181.255110 -14.238176
181.264096 -14.222261
181.279916 -14.207906
> 
181.114165 -14.417933
181.120781 -14.403309
181.126862 -14.391765
181.132680 -14.380220
181.139821 -14.366109
181.145376 -14.354562
181.149604 -14.347379
> 
181.091197 -14.354675
181.097024 -14.340044
181.106539 -14.323367
181.113937 -14.311052
181.122134 -14.295397
> 
181.079255 -14.298881
181.085609 -14.283734
181.094058 -14.271934
181.099614 -14.260382
181.105954 -14.250374
181.110185 -14.241902
181.111774 -14.238051
> 
181.061339 -14.216064
181.064800 -14.200904
181.069060 -14.182403
181.074107 -14.164417
181.084431 -14.140528
181.093961 -14.118435
181.101114 -14.099677
181.109330 -14.077062
181.117809 -14.054446
181.129194 -14.027203
181.135550 -14.011524
181.144826 -13.986072
181.152760 -13.970394
181.161739 -13.957034
181.169130 -13.947531
181.176781 -13.939057
181.184176 -13.927751
> 
186.082 -14.705081
186.073 -14.716291
186.064 -14.727247
186.055 -14.738455
186.051 -14.745596
186.038 -14.761388
186.029 -14.773875
186.017 -14.788135
186.011 -14.798584
186.005 -14.806227
185.998 -14.816421
185.994 -14.823559
185.985 -14.834508
185.982 -14.841138
185.980 -14.847008
185.974 -14.858477
185.969 -14.866122
185.966 -14.872241
185.960 -14.882689
185.955 -14.891354
185.950 -14.898742
185.943 -14.910206
185.935 -14.927287
185.931 -14.934934
185.924 -14.947930
185.921 -14.956347
185.917 -14.966290
185.914 -14.974448
185.911 -14.983116
185.906 -14.995607
185.901 -15.003758
185.896 -15.013952
185.887 -15.037914
185.879 -15.054982
185.875 -15.068498
185.869 -15.082253
185.865 -15.092192
185.859 -15.105441
185.857 -15.115639
185.854 -15.126347
185.849 -15.136532
185.842 -15.152324
185.839 -15.159454
185.833 -15.174228
185.829 -15.183142
185.822 -15.196890
185.816 -15.213699
185.811 -15.227200
185.806 -15.237381
185.801 -15.248837
185.797 -15.260552
185.792 -15.272518
185.782 -15.292876
185.779 -15.304338
185.772 -15.320624
185.766 -15.334111
185.759 -15.348616
185.750 -15.364379
185.745 -15.373281
185.741 -15.378871
185.734 -15.388271
185.729 -15.393090
185.724 -15.401478
185.721 -15.405799
185.717 -15.412406
185.711 -15.420535
185.707 -15.425868
185.700 -15.435265
185.689 -15.447702
185.682 -15.458118
185.674 -15.467256
185.666 -15.476646
185.656 -15.485009
185.648 -15.492104
185.639 -15.498943
185.631 -15.506295
185.624 -15.511611
> 
185.582 -15.125091
185.574 -15.131464
185.565 -15.140388
185.553 -15.152372
185.537 -15.170730
185.520 -15.190872
185.509 -15.204640
185.495 -15.219935
185.481 -15.236758
185.469 -15.251287
185.458 -15.265816
185.449 -15.277285
185.437 -15.290536
185.425 -15.305826
185.417 -15.315509
185.404 -15.330031
185.390 -15.348376
185.375 -15.365954
185.363 -15.382512
185.347 -15.399322
185.332 -15.419189
185.323 -15.431923
185.316 -15.443385
185.306 -15.458410
185.290 -15.476997
185.276 -15.496348
185.266 -15.509331
185.257 -15.520787
185.251 -15.531735
185.243 -15.543954
185.232 -15.560754
185.219 -15.577552
185.209 -15.594350
185.200 -15.606565
185.190 -15.618269
185.186 -15.622339
185.172 -15.625637
185.155 -15.628169
185.139 -15.632229
185.120 -15.634759
185.098 -15.638560
185.077 -15.641852
185.051 -15.646668
185.032 -15.649197
185.018 -15.650714
185.003 -15.653247
> 
185.187 -15.624885
185.184 -15.637358
185.180 -15.652121
185.180 -15.661284
185.175 -15.676807
185.172 -15.689277
185.171 -15.703782
185.167 -15.719303
185.166 -15.734062
185.163 -15.751361
185.159 -15.772475
185.157 -15.791300
185.155 -15.815463
185.152 -15.830214
185.151 -15.847507
185.151 -15.865054
185.151 -15.878277
185.150 -15.884888
185.150 -15.901923
> 
185.201 -15.861535
185.201 -15.875776
185.200 -15.893319
185.199 -15.906286
185.199 -15.923065
185.199 -15.938826
185.199 -15.957382
185.198 -15.977206
185.199 -15.990678
185.197 -16.010752
185.200 -16.029304
185.200 -16.052932
185.200 -16.069953
185.201 -16.083163
185.202 -16.105517
185.202 -16.111612
> 
185.436 -16.016856
185.441 -16.034671
185.444 -16.057301
185.450 -16.082225
185.453 -16.107137
185.454 -16.123905
185.457 -16.152877
185.458 -16.175737
185.460 -16.197583
185.460 -16.212817
185.460 -16.233381
185.460 -16.260292
185.460 -16.270952
185.458 -16.282110
185.456 -16.295043
185.453 -16.312287
185.449 -16.335868
185.446 -16.349553
185.444 -16.366799
185.442 -16.385306
185.441 -16.398999
185.439 -16.419537
185.439 -16.428667
185.441 -16.439074
185.440 -16.448704
185.441 -16.460882
> 
185.467 -16.432348
185.471 -16.444288
185.474 -16.464081
185.476 -16.478794
185.476 -16.490965
185.477 -16.508969
185.477 -16.523927
185.476 -16.542172
185.476 -16.554844
185.475 -16.571569
185.474 -16.591330
185.474 -16.606280
185.473 -16.616916
185.472 -16.628819
185.471 -16.642498
185.472 -16.662008
185.473 -16.681517
185.473 -16.692914
185.473 -16.710895
185.473 -16.727606
185.474 -16.739006
185.477 -16.750414
185.478 -16.759789
185.480 -16.767899
185.482 -16.782842
> 
185.520 -16.754412
185.520 -16.767579
185.519 -16.776687
185.519 -16.789599
185.518 -16.805290
185.517 -16.816167
185.514 -16.838423
185.510 -16.853338
185.504 -16.888479
185.498 -16.910463
185.493 -16.940540
185.491 -16.963294
185.491 -16.986559
185.491 -17.011089
185.491 -17.041933
185.492 -17.069238
185.494 -17.084414
185.496 -17.089982
185.496 -17.098575
185.496 -17.105144
185.496 -17.113483
185.496 -17.119802
185.493 -17.125600
> 
185.477 -17.120722
185.475 -17.127283
185.471 -17.138635
185.465 -17.152756
185.457 -17.172427
185.450 -17.192095
185.442 -17.212518
185.435 -17.232691
185.430 -17.247819
185.428 -17.259170
185.424 -17.276323
185.418 -17.295229
185.416 -17.311628
185.413 -17.327267
185.410 -17.345674
185.408 -17.359549
185.405 -17.376440
185.403 -17.390310
185.401 -17.403928
185.401 -17.413768
185.396 -17.434177
185.395 -17.449307
185.392 -17.460646
185.391 -17.469468
185.389 -17.482575
185.388 -17.494671
185.387 -17.503749
185.387 -17.517111
> 
185.453 -17.356984
185.450 -17.370341
185.446 -17.382439
185.441 -17.402348
185.435 -17.420735
185.433 -17.435862
185.432 -17.453767
185.428 -17.470900
185.428 -17.489563
185.426 -17.511744
185.423 -17.521818
185.422 -17.535428
185.422 -17.546773
185.422 -17.556605
185.421 -17.568197
185.423 -17.579799
185.422 -17.592650
185.420 -17.611796
185.419 -17.629433
185.421 -17.639267
185.420 -17.649597
185.419 -17.658660
185.420 -17.667232
185.421 -17.680839
185.421 -17.686885
> 
185.481 -17.692454
185.481 -17.707065
185.480 -17.725952
185.477 -17.738784
185.476 -17.751370
185.476 -17.768493
185.475 -17.780322
185.473 -17.797433
185.471 -17.809759
185.468 -17.822583
185.468 -17.830638
185.466 -17.845225
185.462 -17.857290
185.459 -17.866086
185.459 -17.874891
185.453 -17.890969
> 
183.509314 -15.505687
183.506993 -15.508498
183.502256 -15.512343
183.498509 -15.515939
183.494916 -15.518993
183.488437 -15.524980
183.481101 -15.531492
183.475633 -15.536411
183.471488 -15.539042
183.466867 -15.543844
183.462229 -15.549329
183.458348 -15.552648
183.452322 -15.557416
183.447580 -15.561397
183.443683 -15.565398
183.438760 -15.571011
183.434595 -15.574459
183.431156 -15.576970
183.425664 -15.582842
183.417910 -15.589206
183.413457 -15.592920
183.408133 -15.597705
183.401229 -15.603816
183.396357 -15.607384
183.389148 -15.614442
183.383687 -15.619086
183.371483 -15.629026
183.364698 -15.635958
183.359375 -15.640741
183.354781 -15.644451
183.349899 -15.648427
183.346149 -15.652156
183.340695 -15.656527
183.335518 -15.661041
183.331336 -15.665170
183.327455 -15.668487
183.322275 -15.673137
183.315121 -15.678012
183.311665 -15.681203
183.305944 -15.685021
183.302348 -15.688209
183.298330 -15.691386
183.294730 -15.694709
183.290716 -15.697750
183.285115 -15.702389
183.279122 -15.705792
183.273665 -15.710298
183.268080 -15.714256
183.264632 -15.717173
> 
182.896817 -15.575772
182.893162 -15.582356
182.889875 -15.588818
182.886594 -15.596355
182.883670 -15.601741
182.878792 -15.609524
182.875377 -15.614912
182.873432 -15.619457
182.871115 -15.623049
182.867944 -15.628197
182.864159 -15.633467
182.859405 -15.641606
182.854778 -15.650340
182.848680 -15.660275
182.844408 -15.666382
182.837576 -15.676917
182.833550 -15.683022
182.829033 -15.689368
182.822808 -15.698466
182.819149 -15.704211
182.816585 -15.707803
182.814509 -15.710557
182.810234 -15.716304
182.799101 -15.727334
182.794580 -15.732963
182.789813 -15.738474
182.784797 -15.743508
182.779906 -15.748900
182.776482 -15.752495
182.767785 -15.759217
182.762033 -15.764493
182.755794 -15.770845
182.750900 -15.775521
182.745025 -15.780916
182.730446 -15.791363
182.722364 -15.797962
182.709503 -15.807803
182.700198 -15.815838
182.687709 -15.826273
182.676439 -15.834555
182.664555 -15.843078
182.652796 -15.851958
182.635277 -15.864681
182.624618 -15.872362
182.616288 -15.878602
182.607466 -15.884724
182.598891 -15.891084
182.588358 -15.899240
182.579416 -15.905959
182.569131 -15.914710
182.560068 -15.921786
182.549904 -15.929939
182.540108 -15.937972
182.530676 -15.945049
182.522715 -15.951284
182.506914 -15.963277
182.498224 -15.971303
182.486835 -15.980413
182.477529 -15.988084
182.466642 -15.999098
182.456965 -16.006531
182.449383 -16.014550
182.442285 -16.021255
182.435799 -16.027243
182.428946 -16.033709
182.421725 -16.040295
182.415741 -16.048423
182.410981 -16.055355
182.405732 -16.062764
182.400606 -16.070173
182.395732 -16.079010
182.391111 -16.088916
182.388071 -16.095481
182.384912 -16.102879
182.381757 -16.111110
182.378228 -16.118271
182.375192 -16.125668
182.372652 -16.133895
182.369631 -16.144029
182.367098 -16.153684
182.364675 -16.160601
182.362495 -16.167158
182.360075 -16.174669
182.358165 -16.185748
182.354791 -16.199214
182.353241 -16.208504
182.351822 -16.219341
182.351121 -16.226485
182.350420 -16.233628
182.350194 -16.237556
182.350465 -16.242314
> 
183.323 -17.241508
183.325 -17.257933
183.326 -17.273842
183.325 -17.290758
183.325 -17.306157
183.323 -17.322808
183.323 -17.337699
183.323 -17.354103
183.323 -17.369750
183.323 -17.385397
183.328 -17.398287
> 
183.375 -17.349550
183.378 -17.360920
183.378 -17.368239
183.378 -17.379091
183.378 -17.395242
183.379 -17.407607
183.378 -17.419965
183.378 -17.430058
183.375 -17.443161
183.374 -17.457283
183.374 -17.467623
183.374 -17.477713
183.374 -17.486284
183.372 -17.495859
183.371 -17.505689
183.372 -17.511744
183.372 -17.519312
183.373 -17.524864
> 
183.426567 -17.471402
183.426512 -17.472820
183.426154 -17.474947
183.426163 -17.476718
183.425867 -17.479140
183.425752 -17.480676
183.425759 -17.482211
183.425524 -17.484278
183.425534 -17.486463
183.425115 -17.488649
183.425248 -17.490833
183.425136 -17.493077
183.425150 -17.495970
183.425226 -17.498862
183.425235 -17.500810
183.424760 -17.504059
183.424588 -17.506658
183.424603 -17.509727
183.424494 -17.512620
183.424629 -17.515099
183.424764 -17.517637
183.424845 -17.521710
183.424860 -17.524779
183.425121 -17.527906
183.425443 -17.530856
183.425762 -17.533275
183.426512 -17.535927
183.426958 -17.539290
183.426911 -17.542241
183.427043 -17.544188
183.427303 -17.547079
183.427756 -17.551799
183.427829 -17.554218
183.427717 -17.556284
183.427728 -17.558586
183.427739 -17.560887
183.427751 -17.563425
183.427770 -17.567261
183.427601 -17.570389
183.427858 -17.572808
183.427872 -17.575522
183.427945 -17.578000
183.427954 -17.579829
183.427903 -17.582072
183.427924 -17.586321
183.428058 -17.588562
183.428128 -17.590450
183.428322 -17.592396
183.428395 -17.594697
183.428773 -17.596584
183.428845 -17.598885
183.428917 -17.600949
183.428924 -17.602365
183.428994 -17.604312
183.429618 -17.606197
> 
183.508140 -17.545300
183.508276 -17.547955
183.508413 -17.550846
183.508424 -17.553207
183.508377 -17.556158
183.508146 -17.559287
183.508099 -17.562061
183.508111 -17.564540
183.508555 -17.567488
183.508572 -17.571029
183.508405 -17.574571
183.508490 -17.579350
183.508380 -17.582006
183.508278 -17.586373
183.508047 -17.589325
183.507761 -17.593633
183.507776 -17.596819
183.507853 -17.600005
183.507869 -17.603368
183.507889 -17.607380
183.507906 -17.610979
183.508042 -17.613516
183.507628 -17.616998
183.507276 -17.620304
183.506740 -17.623728
183.505957 -17.626976
183.505482 -17.630341
183.504827 -17.634591
183.504349 -17.637484
183.504052 -17.639609
183.503450 -17.642089
183.502728 -17.645219
183.501581 -17.649294
183.500246 -17.652780
183.499345 -17.656854
183.498255 -17.660162
183.497228 -17.663765
183.496447 -17.667366
183.495051 -17.670794
183.494268 -17.674159
183.493359 -17.676640
183.492083 -17.679595
183.491789 -17.682250
183.491618 -17.684964
183.491443 -17.686852
183.491214 -17.690391
183.490985 -17.693812
183.490454 -17.698297
183.489855 -17.701425
183.489438 -17.704021
183.489267 -17.706794
183.488731 -17.710275
183.488681 -17.712693
183.488262 -17.714995
183.488276 -17.717825
183.488226 -17.720184
> 
183.555239 -17.667634
183.555247 -17.669226
183.555441 -17.671290
183.555209 -17.674063
183.555038 -17.676835
183.554925 -17.678782
183.553960 -17.682502
183.553604 -17.684981
183.553192 -17.688816
183.552712 -17.691059
183.551802 -17.693540
183.551267 -17.697081
183.550606 -17.700209
183.549637 -17.703044
183.549035 -17.705641
183.548067 -17.708653
183.547283 -17.711723
183.545524 -17.716389
183.544190 -17.719933
183.543282 -17.722708
183.542987 -17.725127
183.542083 -17.728845
183.541177 -17.731974
183.540032 -17.736578
183.539126 -17.739766
183.537733 -17.743840
183.536277 -17.747679
183.533847 -17.753232
183.532515 -17.757128
183.531362 -17.760199
183.530639 -17.762973
183.529792 -17.765629
183.528580 -17.769054
183.527494 -17.773185
183.526282 -17.776609
183.524522 -17.781038
183.523796 -17.783399
183.523071 -17.785878
183.522287 -17.788828
183.521559 -17.790777
183.519919 -17.794615
183.518953 -17.797979
183.517628 -17.803466
183.516785 -17.807006
183.515572 -17.810194
183.514667 -17.813557
183.514013 -17.818098
183.513233 -17.821991
183.512331 -17.825943
183.511550 -17.829482
183.510830 -17.833080
183.509746 -17.837504
183.508848 -17.842281
183.508435 -17.845818
183.507651 -17.848945
183.507173 -17.851598
183.506817 -17.854134
183.506152 -17.856493
183.505677 -17.859795
183.505326 -17.863508
183.505092 -17.865807
183.504734 -17.867988
183.504376 -17.870288
183.504258 -17.871172
> 
183.576559 -17.781748
183.576572 -17.784518
183.576217 -17.787231
183.575741 -17.790416
183.574957 -17.793543
183.574297 -17.796670
183.573450 -17.799267
183.572726 -17.802158
183.572123 -17.804401
183.571401 -17.807586
183.570375 -17.811245
183.569408 -17.814491
183.568561 -17.817146
183.567040 -17.820335
183.566376 -17.822696
183.565280 -17.824645
183.565039 -17.825766
183.564555 -17.827300
183.564011 -17.829071
183.563347 -17.831548
183.562985 -17.832905
183.561773 -17.836152
183.561291 -17.838216
183.559660 -17.843880
183.558641 -17.849011
183.557734 -17.852138
183.556586 -17.856091
183.555983 -17.858332
183.554590 -17.862345
183.553680 -17.864823
183.552100 -17.868248
183.550579 -17.871318
183.549493 -17.875329
183.548527 -17.878927
183.547316 -17.882526
183.544830 -17.889194
183.543136 -17.894621
183.541440 -17.899635
183.540780 -17.902701
183.539753 -17.906358
183.538847 -17.909484
183.538187 -17.912785
183.537832 -17.915496
183.537846 -17.918500
183.537856 -17.920502
183.537565 -17.923802
> 
183.603741 -17.825651
183.603749 -17.827301
183.602787 -17.831490
183.602305 -17.833495
183.601884 -17.835324
183.601344 -17.838037
183.600496 -17.840457
183.599894 -17.843052
183.599230 -17.845294
183.598752 -17.848183
183.598212 -17.850719
183.597857 -17.853549
183.597440 -17.856320
183.597389 -17.858441
183.597029 -17.860093
183.596668 -17.861744
183.595820 -17.864281
183.593808 -17.867413
183.591977 -17.869778
183.590391 -17.872200
183.588746 -17.874917
183.586369 -17.878699
183.584362 -17.882890
183.582724 -17.887198
183.581391 -17.890915
183.579938 -17.895340
183.579337 -17.898111
183.578734 -17.900411
183.578070 -17.902888
183.577781 -17.906600
183.577308 -17.910489
183.576593 -17.914969
183.576055 -17.918093
183.575152 -17.921749
183.574676 -17.924990
183.574202 -17.928467
183.573850 -17.932061
183.573375 -17.935303
183.572903 -17.939368
183.572861 -17.943373
183.573005 -17.947730
183.573034 -17.953678
183.573540 -17.956561
183.575286 -17.961970
183.576346 -17.965204
183.577162 -17.968675
183.578593 -17.972378
183.579654 -17.975788
183.580838 -17.979256
183.581834 -17.981902
183.582458 -17.983842
183.582649 -17.985372
183.582847 -17.988079
183.582982 -17.990610
183.582933 -17.993201
183.582761 -17.995733
183.582837 -17.998617
> 
183.638186 -17.884711
183.638384 -17.887538
183.638894 -17.891423
183.639590 -17.895661
183.639860 -17.900490
183.640371 -17.904553
183.640699 -17.908851
183.640718 -17.912679
183.640681 -17.917686
183.640264 -17.920515
183.639548 -17.924877
183.639014 -17.928589
183.637927 -17.932481
183.637037 -17.938963
183.635957 -17.944327
183.635176 -17.947982
183.634271 -17.951284
183.633250 -17.955999
183.631251 -17.961955
183.629737 -17.966437
183.628892 -17.969503
183.626832 -17.975282
183.625073 -17.980059
183.623008 -17.984897
183.621369 -17.988790
183.620217 -17.991974
183.617967 -17.996812
183.616079 -18.000176
183.614495 -18.002832
183.612972 -18.005429
183.612065 -18.008377
183.610973 -18.011148
183.610064 -18.013743
183.608788 -18.016633
183.607702 -18.020699
183.606796 -18.023882
183.605216 -18.027480
183.603943 -18.031076
183.602551 -18.035202
183.601278 -18.038857
183.600309 -18.041628
183.599221 -18.045341
183.598254 -18.048582
183.597286 -18.051706
183.596133 -18.054536
183.595227 -18.057777
183.594380 -18.060488
183.593169 -18.064083
183.592445 -18.066734
183.591170 -18.069800
183.590629 -18.072215
> 
183.682194 -17.902068
183.682390 -17.904482
183.683208 -17.908425
183.683838 -17.911603
183.684533 -17.915487
183.685592 -17.918545
183.686161 -17.921959
183.686178 -17.925316
183.687058 -17.929434
183.687568 -17.933260
183.687766 -17.936086
183.688215 -17.939912
183.688725 -17.943679
183.688622 -17.947743
183.688636 -17.950746
183.688653 -17.954220
183.688667 -17.957046
183.688866 -17.960049
183.688572 -17.962759
183.688587 -17.965821
183.688234 -17.969061
183.687883 -17.972772
183.687906 -17.977305
183.687249 -17.981312
183.686468 -17.984789
183.685867 -17.987559
183.685451 -17.990505
183.684975 -17.993686
183.684134 -17.997575
183.682923 -18.001172
183.681776 -18.005239
183.680570 -18.009895
183.678998 -18.015141
183.678032 -18.018619
183.677003 -18.021802
183.675793 -18.025633
183.674220 -18.030644
183.673131 -18.034121
183.671189 -18.039015
183.669614 -18.043495
183.668344 -18.047562
183.667014 -18.051982
183.665685 -18.056696
183.664113 -18.061765
183.663089 -18.065947
183.662184 -18.069306
183.660607 -18.073432
183.659700 -18.076437
183.658547 -18.079326
183.657208 -18.081921
183.655569 -18.085989
183.654782 -18.088463
183.653139 -18.091707
183.651562 -18.095774
183.650111 -18.100605
183.648351 -18.105026
183.645680 -18.111510
183.644284 -18.115046
183.642888 -18.118582
183.641129 -18.123179
183.640282 -18.125712
183.638889 -18.129836
183.637918 -18.132311
183.635857 -18.138086
183.634521 -18.141209
183.633067 -18.145333
183.631670 -18.148751
183.630763 -18.151638
183.629379 -18.157467
183.627743 -18.162180
183.626050 -18.167833
183.624477 -18.172781
183.623209 -18.177315
183.621936 -18.180791
183.621218 -18.184675
183.620436 -18.188207
183.619836 -18.191091
183.619178 -18.194623
183.618459 -18.198448
183.617187 -18.202159
183.616773 -18.205453
183.615506 -18.210222
183.614666 -18.214165
183.614370 -18.216636
183.614630 -18.219457
183.614893 -18.222925
183.615218 -18.226745
183.615421 -18.230449
183.615628 -18.235092
183.615955 -18.239265
183.615977 -18.243674
183.615625 -18.247144
183.615638 -18.249848
183.615587 -18.251906
183.615970 -18.254903
183.616346 -18.256429
> 
183.992429 -17.820639
183.993070 -17.822339
183.993715 -17.824217
183.994858 -17.826558
183.996119 -17.828545
183.996885 -17.830361
183.997772 -17.832058
183.998732 -17.834461
183.999567 -17.836748
184.000705 -17.838736
184.001414 -17.840789
184.002361 -17.842426
184.003747 -17.844587
184.004823 -17.846576
184.006030 -17.849034
184.007105 -17.850964
184.008426 -17.852890
184.009198 -17.855059
184.010277 -17.857225
184.011427 -17.859979
184.012190 -17.861618
184.012966 -17.864024
184.013869 -17.866663
184.014697 -17.868537
184.015657 -17.870940
184.016981 -17.873043
184.017809 -17.874858
184.018961 -17.877729
184.020109 -17.880424
184.021446 -17.883292
184.023090 -17.886215
184.024116 -17.888912
184.025391 -17.891840
184.026544 -17.894770
184.027512 -17.897644
184.028416 -17.900401
184.029494 -17.902506
184.030281 -17.905619
184.031253 -17.908728
184.031972 -17.911428
184.032938 -17.914243
184.033470 -17.916710
184.034367 -17.919055
184.035145 -17.921577
184.036297 -17.924448
184.036583 -17.926978
184.037243 -17.929797
184.038154 -17.932965
184.039179 -17.935602
184.039898 -17.938302
184.040521 -17.942654
184.041502 -17.946351
184.041921 -17.949468
184.042041 -17.953120
184.042340 -17.956415
184.042508 -17.959241
184.042562 -17.962540
184.042474 -17.964721
184.042220 -17.968024
184.041900 -17.971034
184.041575 -17.973690
184.041186 -17.976229
184.040516 -17.980422
184.039535 -17.984325
184.039039 -17.987808
184.038224 -17.990589
184.036932 -17.994261
184.035689 -17.997166
184.034761 -18.000537
184.033692 -18.002792
184.031790 -18.006767
184.030250 -18.010265
184.028107 -18.014479
184.026393 -18.018628
184.024188 -18.022843
184.022712 -18.026516
184.021226 -18.029542
184.019439 -18.032985
184.017037 -18.036378
184.015486 -18.039228
184.014230 -18.041307
184.012865 -18.044272
184.011431 -18.046767
184.010178 -18.049024
184.008746 -18.051636
184.007673 -18.053654
184.006846 -18.055669
184.005657 -18.058101
> 
183.725114 -18.137902
183.725123 -18.140142
183.725254 -18.142382
183.725266 -18.145566
183.724417 -18.148988
183.724429 -18.152172
183.724435 -18.153823
183.724568 -18.156534
183.724583 -18.160543
183.723978 -18.163375
183.723253 -18.166915
183.723265 -18.170098
183.722420 -18.174699
183.722307 -18.177293
183.721950 -18.180713
183.721592 -18.183662
183.721110 -18.186375
183.721123 -18.189912
183.720893 -18.194274
183.721148 -18.196631
183.721165 -18.201228
183.721181 -18.205472
183.721190 -18.207829
183.721074 -18.209716
183.720960 -18.212191
183.721095 -18.215374
183.720372 -18.219619
183.720382 -18.222330
183.720400 -18.227045
183.719682 -18.232705
183.718960 -18.237068
183.718491 -18.243433
183.718390 -18.249091
183.716927 -18.253102
183.716205 -18.257347
183.714987 -18.260887
183.713771 -18.264779
183.713410 -18.267020
183.712319 -18.271737
183.712329 -18.274329
183.711850 -18.277983
183.711368 -18.280813
183.710888 -18.284114
183.709792 -18.287299
183.706255 -18.295911
183.704061 -18.301810
183.702352 -18.305468
183.700278 -18.310540
183.699305 -18.313724
183.698577 -18.316436
183.696259 -18.321981
183.695038 -18.324694
183.693207 -18.328824
183.691870 -18.333540
183.690526 -18.336136
183.688817 -18.340029
183.687104 -18.342626
183.685637 -18.345340
183.684414 -18.347464
183.683194 -18.350530
183.681607 -18.354069
183.680387 -18.357018
183.679041 -18.359142
183.676102 -18.363157
183.674024 -18.366932
183.671943 -18.370237
183.670725 -18.373656
183.669996 -18.376132
183.668039 -18.379436
183.665722 -18.385331
183.664009 -18.388163
183.662790 -18.391229
183.661451 -18.395355
183.657048 -18.402788
183.653994 -18.409156
183.650454 -18.416939
183.648136 -18.422716
183.645936 -18.426844
183.642146 -18.433685
183.640316 -18.438164
183.637009 -18.442414
183.633842 -18.451488
183.628948 -18.459391
183.625526 -18.466112
183.621984 -18.473539
183.619171 -18.478139
183.616605 -18.483208
183.612810 -18.488988
183.610981 -18.493466
183.608659 -18.497946
183.606708 -18.503130
183.603893 -18.507376
183.599618 -18.516216
183.595953 -18.523641
183.592653 -18.529888
183.589599 -18.536134
183.586177 -18.542852
183.583129 -18.550627
183.579220 -18.558522
183.576410 -18.564296
183.573482 -18.571246
183.569809 -18.576552
183.565770 -18.582682
183.563206 -18.588336
183.559789 -18.596345
183.557350 -18.602352
183.555399 -18.607415
183.552346 -18.613776
183.549901 -18.618371
183.547459 -18.623553
183.545627 -18.627322
183.543675 -18.632033
183.540863 -18.637216
183.538172 -18.641693
183.536092 -18.645110
183.533648 -18.649939
183.530958 -18.654768
183.529371 -18.658183
183.527539 -18.662069
183.526829 -18.663488
183.524658 -18.668316
183.520856 -18.676442
183.516681 -18.684043
183.512941 -18.692168
183.508836 -18.700764
183.503704 -18.711421
183.499653 -18.719137
183.496574 -18.725554
183.491985 -18.735033
183.489098 -18.742327
183.485655 -18.749216
183.481426 -18.757635
183.476180 -18.769403
183.472430 -18.776410
183.469062 -18.784938
183.465316 -18.792296
183.460732 -18.802416
183.457233 -18.810006
183.452708 -18.819772
183.448359 -18.828540
183.442929 -18.840305
183.440272 -18.845718
183.435681 -18.854897
183.435369 -18.861639
183.435250 -18.869317
183.435118 -18.875413
183.434934 -18.882739
183.434531 -18.885907
183.433688 -18.887847
183.433832 -18.890424
183.433868 -18.894584
183.434140 -18.897746
183.434108 -18.901145
183.434078 -18.904836
183.433864 -18.908588
183.433893 -18.912044
183.434004 -18.917843
183.434182 -18.924345
183.434198 -18.926161
183.434081 -18.926865
183.434102 -18.929325
183.434125 -18.932078
183.434095 -18.935711
183.434071 -18.940104
183.433708 -18.948015
183.432661 -18.954993
183.431899 -18.959275
183.431379 -18.963086
183.431488 -18.968767
183.431403 -18.973160
183.431681 -18.976965
183.431973 -18.982409
183.432693 -18.987615
183.433109 -18.993176
183.433517 -18.997039
183.433638 -19.001494
183.433730 -19.004894
183.434317 -19.008399
183.435161 -19.012249
183.435278 -19.016586
183.435544 -19.021858
183.436104 -19.028882
183.436455 -19.032744
183.436582 -19.037432
183.436662 -19.040362
183.437394 -19.044684
183.438010 -19.049229
183.438352 -19.053324
183.438956 -19.059290
183.439493 -19.064613
183.440091 -19.069935
183.440997 -19.075313
183.441718 -19.080633
183.442616 -19.085133
183.443201 -19.088816
183.444030 -19.092379
183.445482 -19.096992
183.446443 -19.101607
183.447093 -19.105757
183.447802 -19.109614
183.448640 -19.114231
183.449670 -19.119840
183.451013 -19.126032
183.451348 -19.129190
183.452115 -19.132694
183.452937 -19.135496
183.454080 -19.139817
183.455167 -19.144782
183.456124 -19.148987
183.456837 -19.153369
183.457615 -19.158161
183.458076 -19.161784
183.458385 -19.167342
183.458855 -19.168519
183.459224 -19.171797
183.459776 -19.175136
183.460808 -19.179068
183.461229 -19.182814
183.461786 -19.185920
183.462350 -19.188617
183.462580 -19.192710
183.462508 -19.196506
183.462412 -19.201586
183.462457 -19.205735
183.462814 -19.209596
183.462946 -19.212402
183.463373 -19.215797
183.463509 -19.218369
183.463753 -19.221761
183.464360 -19.225392
183.464629 -19.227441
183.464934 -19.230834
183.465188 -19.233641
183.465325 -19.236155
183.465401 -19.238667
183.465918 -19.240603
183.466187 -19.242652
183.466892 -19.244358
183.467234 -19.245823
183.467566 -19.247756
183.467463 -19.249973
183.467533 -19.252778
183.467559 -19.254647
183.467504 -19.257565
183.467400 -19.259783
183.467114 -19.261880
183.467082 -19.263573
183.467172 -19.265326
183.467925 -19.267791
183.468678 -19.270256
183.468698 -19.272475
183.468755 -19.275921
183.468682 -19.279774
183.468599 -19.284209
183.468416 -19.287359
183.468046 -19.290680
183.467362 -19.294288
183.466697 -19.296963
183.466075 -19.300571
183.465032 -19.303706
183.464633 -19.305275
> 
183.864364 -19.182837
183.863992 -19.183184
183.863488 -19.184525
183.862800 -19.185806
183.861800 -19.187610
183.861049 -19.189066
183.860538 -19.191049
183.858913 -19.194018
183.858221 -19.195708
183.856721 -19.198385
183.856213 -19.200135
183.855700 -19.202352
183.855001 -19.204802
183.854309 -19.206550
183.853060 -19.208703
183.852363 -19.210861
183.851422 -19.212958
183.850226 -19.215929
183.849655 -19.217854
183.849084 -19.219720
183.848330 -19.221526
183.847448 -19.223799
183.846818 -19.225489
183.845993 -19.228229
183.845485 -19.230038
183.844665 -19.232252
183.844031 -19.234293
183.843270 -19.236800
183.842266 -19.239072
183.841942 -19.240823
183.841804 -19.242458
183.841483 -19.243917
183.841339 -19.246137
183.841069 -19.248649
183.840556 -19.250982
183.840164 -19.253376
183.839893 -19.256062
183.839564 -19.258398
183.839296 -19.260792
183.838775 -19.263827
183.838446 -19.266221
183.838171 -19.269258
183.837652 -19.272176
183.837322 -19.274569
183.837369 -19.276089
183.837107 -19.277840
183.836661 -19.279532
183.836258 -19.283152
183.835872 -19.285019
183.835673 -19.286537
183.835222 -19.288812
183.834636 -19.292313
183.833861 -19.296222
183.833595 -19.298441
183.833144 -19.300658
183.832943 -19.302351
183.832605 -19.305620
183.832462 -19.307781
183.831943 -19.310698
183.831671 -19.313501
183.831393 -19.316888
183.831120 -19.319748
183.830595 -19.323250
183.830178 -19.328446
183.830090 -19.331192
183.829866 -19.335455
183.829468 -19.338548
183.829073 -19.341291
183.828984 -19.344211
183.828963 -19.346431
183.828930 -19.349994
183.828787 -19.352096
183.828758 -19.355192
183.828975 -19.358232
183.829198 -19.360629
183.829354 -19.363668
> 
184.042726 -19.341419
184.042705 -19.343639
184.042613 -19.346851
184.042770 -19.349774
184.042685 -19.352285
184.042903 -19.355149
184.042881 -19.357486
184.042852 -19.360582
184.042639 -19.363618
184.042851 -19.367183
184.042707 -19.369460
184.042322 -19.371209
184.042179 -19.373369
184.041830 -19.377747
184.041798 -19.381134
184.041767 -19.384463
184.041678 -19.387324
184.041564 -19.392872
184.041662 -19.395559
184.041824 -19.397897
184.041681 -19.400057
184.041229 -19.402330
184.039656 -19.406230
184.039082 -19.408503
184.037887 -19.411354
184.036811 -19.414673
184.036044 -19.417820
184.035890 -19.421148
184.036482 -19.423547
184.037009 -19.426237
184.037724 -19.428696
184.038372 -19.431563
184.038595 -19.434017
184.038574 -19.436236
184.038105 -19.440377
184.037835 -19.442944
184.037806 -19.446038
184.037650 -19.449540
184.037623 -19.452401
184.037524 -19.456370
184.037362 -19.460455
184.036960 -19.464013
184.036625 -19.466987
184.036595 -19.470140
184.036575 -19.472241
184.036796 -19.474928
184.036636 -19.478779
184.036789 -19.482108
184.036758 -19.485435
184.036915 -19.488297
184.036873 -19.492732
184.036846 -19.495651
184.036811 -19.499269
184.036762 -19.504463
184.036673 -19.507381
184.036627 -19.512283
184.036462 -19.516717
184.035981 -19.522140
184.035634 -19.526339
184.035293 -19.529954
184.034251 -19.536189
184.033277 -19.541666
184.032571 -19.544811
184.031418 -19.549819
184.030898 -19.552791
184.030127 -19.556343
184.029663 -19.560015
184.028390 -19.564613
184.027989 -19.568052
184.027095 -19.571662
184.026378 -19.575973
184.025415 -19.580340
184.025202 -19.583372
184.024432 -19.586865
184.023464 -19.591757
184.022574 -19.594841
184.021547 -19.599557
184.020773 -19.603400
184.020120 -19.607478
184.018659 -19.612481
184.016680 -19.620397
184.015905 -19.624298
184.014759 -19.628604
184.014112 -19.632039
184.013467 -19.635241
184.012518 -19.638149
184.011696 -19.640591
184.010671 -19.644956
184.009777 -19.648564
184.008891 -19.651297
184.008003 -19.654205
184.007102 -19.658570
184.005822 -19.663924
184.004989 -19.667532
184.003716 -19.672185
184.002934 -19.676901
184.001907 -19.681557
184.000310 -19.687956
183.999538 -19.691680
183.998263 -19.696567
183.997048 -19.701511
183.995774 -19.706280
183.994509 -19.710117
183.993175 -19.714769
183.992224 -19.717850
183.991639 -19.721225
183.991181 -19.724194
183.990045 -19.727274
183.988969 -19.730587
183.987816 -19.735589
183.986988 -19.738729
183.986213 -19.742685
183.985642 -19.744546
183.984877 -19.747453
183.984301 -19.749896
183.981670 -19.750827
183.981182 -19.752459
183.980451 -19.754734
183.979965 -19.756950
183.978929 -19.759866
183.978749 -19.761789
183.978263 -19.763713
183.977717 -19.766570
183.976686 -19.771525
183.976139 -19.774149
183.975778 -19.776830
183.974741 -19.779629
183.973766 -19.782778
183.972850 -19.784761
183.972241 -19.786801
183.971327 -19.789775
183.970230 -19.792924
183.969253 -19.795431
183.968216 -19.797939
183.967117 -19.800446
183.966264 -19.803245
183.965166 -19.806335
183.964557 -19.808259
183.963703 -19.810649
183.962666 -19.813506
183.961875 -19.816246
183.960592 -19.818987
183.959372 -19.822135
183.958335 -19.824933
183.957421 -19.827673
183.956322 -19.830472
183.955655 -19.833677
183.954680 -19.836824
183.953826 -19.839273
183.952731 -19.843177
183.951085 -19.848015
183.949867 -19.852095
183.948464 -19.855884
183.947182 -19.858915
183.945962 -19.862237
183.944317 -19.867599
183.943158 -19.870513
183.941998 -19.873253
183.941085 -19.876574
183.939986 -19.879139
183.938644 -19.882868
183.937301 -19.885783
183.936081 -19.889163
183.935471 -19.890969
183.934863 -19.893242
183.934255 -19.895514
183.933343 -19.899359
183.932613 -19.901980
183.931515 -19.905127
183.930358 -19.909030
183.928957 -19.913749
183.927860 -19.916953
183.926272 -19.920450
183.925112 -19.923131
183.923829 -19.925695
183.922609 -19.928841
183.922003 -19.931986
183.920602 -19.936879
183.919569 -19.941130
183.918472 -19.944509
183.915476 -19.949638
183.913580 -19.952669
183.911807 -19.955990
183.909976 -19.960243
183.908571 -19.963389
183.906921 -19.966361
183.904964 -19.969741
183.903500 -19.973585
183.901729 -19.977372
183.899649 -19.980635
183.897385 -19.984015
183.896533 -19.987043
183.895315 -19.990828
183.893913 -19.995079
183.892939 -19.998631
183.892149 -20.002008
183.890992 -20.005792
183.889771 -20.008704
183.889041 -20.011382
183.887514 -20.014877
183.886418 -20.018428
183.884525 -20.022912
183.882632 -20.026814
183.880800 -20.031007
183.878356 -20.036132
183.876402 -20.040499
183.874815 -20.044284
183.873473 -20.047777
183.871947 -20.051503
183.870239 -20.056102
183.869144 -20.060409
183.867804 -20.064832
183.866588 -20.069371
183.865677 -20.073445
183.864886 -20.076703
183.863670 -20.081417
183.862577 -20.086304
183.861360 -20.090959
183.860326 -20.095032
183.859109 -20.099513
183.858319 -20.102713
183.857288 -20.107716
183.856621 -20.111148
183.855586 -20.114930
183.854677 -20.119699
183.853949 -20.123306
183.852794 -20.127901
183.852070 -20.133194
183.851588 -20.137206
183.850983 -20.140812
183.850684 -20.144068
183.849895 -20.147732
183.849534 -20.150814
183.848807 -20.154594
183.848695 -20.159070
183.848705 -20.163139
183.848346 -20.166802
183.848048 -20.170464
183.847384 -20.175406
183.847332 -20.178952
183.846787 -20.182324
183.845815 -20.186395
183.845515 -20.189069
183.845584 -20.192207
183.845285 -20.195636
183.845171 -20.199065
183.844932 -20.201739
183.844938 -20.204412
> 
183.902358 -20.179037
183.901751 -20.181015
183.901212 -20.184563
183.900610 -20.187646
183.899946 -20.190729
183.898916 -20.194453
183.898129 -20.197362
183.897466 -20.200444
183.897045 -20.202829
183.896440 -20.205272
183.895531 -20.208472
183.894624 -20.211962
183.893837 -20.214987
183.892499 -20.218421
183.891588 -20.221039
183.890315 -20.225402
183.889040 -20.229417
183.887647 -20.234361
183.886492 -20.237503
183.885403 -20.241632
183.884496 -20.245354
183.883284 -20.249600
183.882742 -20.252333
183.882139 -20.255299
183.880988 -20.259486
183.879588 -20.262744
183.878863 -20.265884
183.877408 -20.270653
183.876743 -20.273503
183.875954 -20.275945
183.874860 -20.278912
183.873529 -20.284145
183.872438 -20.288041
183.871106 -20.292867
183.870018 -20.297285
183.869355 -20.300599
183.867839 -20.305774
183.866991 -20.308739
183.866388 -20.311645
183.865420 -20.315540
183.864694 -20.318330
183.863725 -20.321934
183.862880 -20.325770
183.862094 -20.328793
183.860692 -20.331702
183.858804 -20.335890
183.857095 -20.338683
183.855510 -20.341766
183.853862 -20.344327
183.852523 -20.347409
183.851184 -20.350724
183.849907 -20.353980
183.849243 -20.357060
183.848888 -20.360603
183.848779 -20.363913
183.848788 -20.366235
183.848548 -20.367804
183.847637 -20.370362
183.846358 -20.373153
183.844715 -20.377223
183.842827 -20.381351
183.841123 -20.385421
183.839236 -20.389898
183.837776 -20.393386
183.837792 -20.397508
183.837681 -20.400526
183.837567 -20.402907
183.836660 -20.406567
183.835441 -20.409067
183.834468 -20.411624
183.833251 -20.414589
183.831670 -20.418541
183.830641 -20.422376
183.828511 -20.427548
183.826807 -20.431791
183.824924 -20.437195
183.823833 -20.440971
183.822132 -20.445678
183.820614 -20.450093
183.819152 -20.453290
183.817632 -20.457357
183.816110 -20.460960
183.814650 -20.464563
183.813252 -20.468165
183.811976 -20.471767
183.810762 -20.475542
183.809365 -20.479551
183.808093 -20.484080
183.806817 -20.487798
183.805241 -20.493083
183.803902 -20.496394
183.802688 -20.500111
183.801535 -20.503596
183.800748 -20.506615
183.800334 -20.510561
183.799671 -20.513811
183.799318 -20.517815
> 
183.854608 -20.488212
183.853942 -20.490883
183.853280 -20.494250
183.852677 -20.497210
183.851956 -20.501332
183.851113 -20.505627
183.851123 -20.508180
183.850582 -20.511140
183.849860 -20.515087
183.849385 -20.519265
183.848847 -20.523037
183.848122 -20.526345
183.847647 -20.530349
183.847056 -20.536383
183.846278 -20.541663
183.845929 -20.546594
183.845637 -20.550596
183.844850 -20.553441
183.844372 -20.556980
183.844266 -20.561097
183.844586 -20.564575
183.844238 -20.569853
183.843707 -20.575480
183.842928 -20.580353
183.842082 -20.583950
183.841670 -20.588416
183.840225 -20.595958
183.838897 -20.602108
183.837506 -20.607620
183.836657 -20.610463
183.836116 -20.613306
183.835151 -20.617830
183.833875 -20.621487
183.832786 -20.625664
183.831576 -20.630537
183.830855 -20.634597
183.829643 -20.638774
183.828246 -20.642952
183.826846 -20.646086
183.825385 -20.649453
183.824170 -20.652934
183.822772 -20.656764
183.821558 -20.660535
183.820405 -20.664189
183.818949 -20.668772
183.816580 -20.675618
183.815064 -20.680664
183.813605 -20.684494
183.812510 -20.687221
183.811236 -20.691223
183.809902 -20.695805
183.808386 -20.700792
183.807664 -20.704503
183.807244 -20.707053
183.806152 -20.710533
183.805429 -20.714185
183.805134 -20.717430
183.804534 -20.721023
183.804176 -20.723689
183.803512 -20.726704
183.802910 -20.729776
> 
183.828266 -20.722225
183.828019 -20.722397
183.827685 -20.725231
183.827164 -20.728469
183.826279 -20.731066
183.825149 -20.733720
183.824257 -20.737070
183.823364 -20.740594
183.822233 -20.743247
183.820970 -20.746942
183.819901 -20.749538
183.819014 -20.752425
183.817876 -20.755830
183.816806 -20.758542
183.815551 -20.761425
183.814602 -20.764312
183.812335 -20.770254
183.811191 -20.774296
183.809996 -20.777296
183.808470 -20.782723
183.807513 -20.786535
183.806300 -20.791443
183.805162 -20.794906
183.803206 -20.800329
183.801823 -20.803674
183.799696 -20.807765
183.796770 -20.811791
183.794899 -20.814784
183.793023 -20.818240
183.791458 -20.821294
183.790189 -20.825622
183.789545 -20.828799
183.789510 -20.832617
183.790166 -20.834705
183.790140 -20.837597
183.789562 -20.840196
183.789288 -20.843259
183.788944 -20.847248
183.788735 -20.849907
183.788159 -20.852332
183.787330 -20.855564
183.786512 -20.857698
183.785998 -20.860123
183.785300 -20.862489
183.785089 -20.865321
183.784814 -20.868442
183.784726 -20.871391
183.784269 -20.874279
183.783876 -20.876821
183.783472 -20.880692
183.782950 -20.883926
183.782239 -20.887737
183.781531 -20.891201
183.781196 -20.894148
183.780616 -20.897092
183.779912 -20.900094
183.778830 -20.904075
183.777123 -20.909265
183.775298 -20.913817
183.773289 -20.918369
183.772029 -20.921770
183.770085 -20.925974
183.768084 -20.929600
183.766452 -20.933345
183.765248 -20.937266
183.764045 -20.941072
183.762465 -20.945741
183.761007 -20.950527
183.759742 -20.954390
183.758295 -20.958077
183.757097 -20.961362
183.756025 -20.964243
183.755444 -20.967302
183.753803 -20.971855
183.752980 -20.974449
183.751841 -20.978023
183.750516 -20.981769
183.749246 -20.986208
183.748417 -20.989438
183.747393 -20.993764
183.746753 -20.996532
183.745730 -21.000858
183.744408 -21.004199
183.743455 -21.007600
183.742626 -21.010829
183.741416 -21.015326
183.740469 -21.018092
183.738834 -21.022123
183.737195 -21.026558
183.735994 -21.030131
183.734478 -21.034567
183.733030 -21.038195
183.732261 -21.041655
183.731674 -21.045289
183.731769 -21.048294
183.732480 -21.051188
183.732391 -21.054134
183.730870 -21.059031
183.729423 -21.062658
183.727849 -21.066747
183.726655 -21.069625
183.725137 -21.074233
183.724003 -21.077169
183.722688 -21.079815
183.721377 -21.081999
183.719693 -21.084758
183.718138 -21.086766
183.716018 -21.089983
183.714705 -21.092456
183.713887 -21.094470
183.713864 -21.096896
183.713411 -21.099375
183.712280 -21.102022
183.711081 -21.105419
183.707836 -21.110763
183.704848 -21.114896
183.702422 -21.117994
183.700489 -21.120981
183.699112 -21.123683
183.697724 -21.127540
183.697024 -21.130191
183.696130 -21.133763
183.695796 -21.136705
183.694969 -21.139642
183.694076 -21.143157
183.693129 -21.145862
183.691933 -21.148912
183.689991 -21.152879
183.687312 -21.156840
183.684886 -21.160053
183.683692 -21.162814
183.683233 -21.165927
183.682526 -21.169270
183.681448 -21.172897
183.680180 -21.177042
183.679403 -21.181249
183.677895 -21.184815
183.676753 -21.188673
183.675743 -21.191608
183.674728 -21.195005
183.672962 -21.199896
183.671128 -21.205478
183.669862 -21.209450
183.668787 -21.212615
183.667404 -21.216008
183.666439 -21.220674
183.665685 -21.222399
183.664300 -21.225965
183.663159 -21.229706
183.661466 -21.233384
183.660263 -21.237125
183.659496 -21.240292
183.658230 -21.244320
183.657651 -21.247084
183.656003 -21.252493
183.654979 -21.256812
183.654200 -21.261305
183.652607 -21.267464
183.651902 -21.270515
183.650946 -21.274199
183.650116 -21.277595
183.648841 -21.282430
183.648064 -21.286691
183.647232 -21.290318
183.646580 -21.294292
183.645189 -21.298548
183.643543 -21.303668
183.642591 -21.306947
183.640952 -21.311316
183.639696 -21.314247
183.637865 -21.319479
183.636296 -21.323041
183.634782 -21.327180
183.634259 -21.330578
183.634232 -21.333461
183.634020 -21.336399
183.633998 -21.338821
183.633970 -21.341818
183.633331 -21.344408
183.632068 -21.348145
183.631238 -21.351424
183.628334 -21.359759
183.627134 -21.363150
183.625554 -21.367864
183.624661 -21.371431
183.624011 -21.375172
183.622981 -21.380236
183.621952 -21.385184
183.621489 -21.388639
183.620765 -21.393878
183.620238 -21.397677
183.619565 -21.403895
183.618720 -21.408902
183.617375 -21.414654
183.616348 -21.419428
183.615580 -21.422706
183.615296 -21.426795
183.615156 -21.428580
183.615063 -21.432037
> 
183.630693 -21.428546
183.629617 -21.433048
183.629026 -21.436567
183.628865 -21.439968
183.628450 -21.442276
183.628035 -21.444641
183.627562 -21.447353
183.627328 -21.449083
183.626360 -21.451394
183.625212 -21.454340
183.624254 -21.458033
183.623295 -21.461612
183.622339 -21.465766
183.621016 -21.470096
183.619637 -21.475117
183.619042 -21.478059
183.618210 -21.482270
183.617367 -21.484983
183.616471 -21.488790
183.614778 -21.492891
183.613695 -21.496354
183.612246 -21.500107
183.611534 -21.504029
183.610207 -21.507666
183.608816 -21.511015
183.608158 -21.513669
183.607870 -21.516608
183.607648 -21.520123
183.606933 -21.523410
183.605794 -21.527679
183.604114 -21.533852
183.602552 -21.539103
183.601416 -21.543889
183.600224 -21.549425
183.598784 -21.554501
183.597465 -21.559462
183.596079 -21.563558
183.595005 -21.568401
183.593864 -21.572324
183.592354 -21.576190
183.590727 -21.580979
183.589219 -21.585248
183.588321 -21.588823
183.587364 -21.592744
183.586955 -21.595913
183.586977 -21.599137
183.587369 -21.602588
183.587702 -21.606501
183.587726 -21.610013
183.587134 -21.613355
183.585686 -21.617393
183.581441 -21.625764
183.577962 -21.629295
183.576201 -21.632471
183.574082 -21.637261
183.573504 -21.642674
183.572112 -21.645848
183.570595 -21.648734
183.569650 -21.654437
183.569741 -21.658868
183.569945 -21.661801
183.568810 -21.666642
183.567729 -21.670388
183.566529 -21.674653
183.565447 -21.678285
183.564298 -21.681053
183.562783 -21.684227
183.560478 -21.688670
183.559387 -21.690978
183.558727 -21.693283
183.557474 -21.698929
183.556081 -21.701928
183.554012 -21.704990
183.550969 -21.709322
183.547870 -21.714575
183.546540 -21.717747
183.544984 -21.723968
183.543904 -21.727943
183.542585 -21.732897
183.541815 -21.737158
183.541159 -21.740153
183.540507 -21.743607
183.539664 -21.746258
183.538154 -21.750235
183.535680 -21.756978
183.533432 -21.760729
183.532590 -21.763494
183.530777 -21.768047
183.529506 -21.770987
183.528555 -21.775708
183.528088 -21.779391
183.527319 -21.783822
183.525811 -21.788028
183.523999 -21.792696
183.522978 -21.796324
183.522019 -21.799894
183.519359 -21.806348
183.517976 -21.810840
183.516711 -21.814757
183.515454 -21.819650
183.514804 -21.823563
183.513850 -21.827937
183.513140 -21.831964
183.511456 -21.837434
183.508906 -21.842105
183.505129 -21.846897
183.502748 -21.849267
183.499457 -21.853309
183.496421 -21.858729
183.494419 -21.862591
183.491642 -21.869962
183.488976 -21.875609
183.486807 -21.881942
183.485041 -21.884366
183.482782 -21.886562
183.481516 -21.890189
183.480496 -21.893872
183.479110 -21.897902
183.478087 -21.901240
183.477427 -21.903484
183.475610 -21.907459
183.473611 -21.911722
183.472037 -21.915350
183.469122 -21.920479
183.466754 -21.924744
183.465053 -21.927626
183.462565 -21.932235
183.460078 -21.937132
183.458329 -21.942024
183.457068 -21.946339
183.454942 -21.950084
183.452695 -21.954002
183.449956 -21.957981
183.449235 -21.960339
183.449006 -21.962810
183.448962 -21.965452
183.448362 -21.967580
183.443876 -21.976736
183.442302 -21.980305
183.440419 -21.983474
183.437548 -21.986132
183.436460 -21.988722
183.434519 -21.992580
183.433505 -21.997179
183.432849 -22.000110
183.431400 -22.003850
183.430124 -22.006039
183.429157 -22.008456
183.428130 -22.011045
183.427103 -22.013749
183.426015 -22.016339
183.424869 -22.019560
183.423780 -22.022149
183.422564 -22.024051
183.421290 -22.026526
183.420198 -22.028656
183.419045 -22.030787
183.418015 -22.033031
183.416622 -22.035967
183.414919 -22.038617
183.413708 -22.041207
183.412197 -22.045003
183.412213 -22.047356
183.413952 -22.050158
183.414583 -22.052679
183.413378 -22.056244
183.411328 -22.062110
183.409878 -22.065791
183.408425 -22.068955
183.406916 -22.073038
183.404737 -22.077928
183.402682 -22.083046
183.401903 -22.085977
183.400751 -22.088336
183.400089 -22.090406
183.399433 -22.093335
183.398591 -22.096037
183.397564 -22.098682
183.396355 -22.101615
183.395324 -22.103628
183.394423 -22.106731
183.392446 -22.114315
183.391002 -22.118855
183.389189 -22.123512
183.388414 -22.127015
183.387959 -22.132409
183.387065 -22.136544
183.386414 -22.140333
183.385400 -22.144813
183.384877 -22.149232
183.384531 -22.152732
183.384127 -22.156576
183.383844 -22.160248
183.382278 -22.164845
183.381438 -22.167889
183.380779 -22.170415
183.379938 -22.173230
183.378981 -22.177135
183.377902 -22.181154
183.377010 -22.185632
183.375692 -22.190627
183.374680 -22.195564
183.373599 -22.199239
183.372704 -22.203200
183.371502 -22.207277
183.370417 -22.210321
183.369401 -22.214627
183.369061 -22.218870
183.368296 -22.223919
183.368254 -22.226842
183.368041 -22.231773
183.367752 -22.234354
183.367291 -22.238999
183.367319 -22.243125
> 
183.399007 -22.172850
183.398552 -22.174391
183.398829 -22.176344
183.399036 -22.178753
183.399431 -22.180936
183.399582 -22.183059
183.399549 -22.185121
183.399508 -22.187699
183.399475 -22.189762
183.399322 -22.191651
183.399168 -22.193597
183.398640 -22.195881
183.398232 -22.198340
183.398208 -22.199886
183.397809 -22.201772
183.397536 -22.203487
183.397140 -22.205200
183.396432 -22.207196
183.395849 -22.209078
183.395194 -22.211647
183.393734 -22.214606
183.393272 -22.216605
183.392387 -22.218197
183.391675 -22.220479
183.391639 -22.222713
183.391294 -22.225114
183.391065 -22.227918
183.390724 -22.230033
183.390208 -22.231572
183.389870 -22.233458
183.389523 -22.235973
183.389300 -22.238434
183.388772 -22.240717
183.388484 -22.243348
183.388012 -22.245977
183.387656 -22.249065
183.386878 -22.251631
183.386288 -22.253914
183.385567 -22.256768
183.385040 -22.258995
183.383958 -22.261385
183.383560 -22.263212
183.382970 -22.265552
183.382021 -22.267257
183.381071 -22.269077
183.380364 -22.271014
183.379476 -22.272777
183.377942 -22.276478
183.376548 -22.279150
183.375770 -22.281716
183.374481 -22.285478
183.373527 -22.287526
183.372947 -22.289236
183.371298 -22.292477
183.369853 -22.294518
183.368531 -22.296504
183.366656 -22.298482
183.365090 -22.300407
183.361100 -22.304073
183.359835 -22.306346
183.358958 -22.307365
183.357830 -22.308780
183.356321 -22.310935
183.354686 -22.313317
183.353116 -22.315471
183.351857 -22.317342
183.349805 -22.318917
183.347605 -22.322035
183.346281 -22.324192
183.344829 -22.326634
183.343121 -22.329701
183.341668 -22.332200
183.340768 -22.334706
183.340361 -22.337105
183.339772 -22.339386
183.339351 -22.342700
183.338619 -22.346182
183.337655 -22.348858
183.336068 -22.352099
183.334607 -22.355112
183.333281 -22.357326
183.330813 -22.361870
183.329475 -22.364885
183.327765 -22.368066
183.326242 -22.371135
183.325470 -22.373299
183.324441 -22.376204
183.322987 -22.378759
183.321711 -22.381717
183.320943 -22.383652
183.320237 -22.385530
183.319780 -22.387240
183.319202 -22.388835
183.319054 -22.390377
> 
183.327965 -22.378656
183.327186 -22.381277
183.325703 -22.385663
183.325053 -22.387886
183.323185 -22.393296
183.321840 -22.396710
183.319547 -22.401828
183.318148 -22.404784
183.317303 -22.407690
183.316686 -22.411743
183.316155 -22.414196
183.315115 -22.417786
183.314091 -22.420346
183.312374 -22.424041
183.310725 -22.427221
183.309821 -22.430012
183.309045 -22.432461
183.307757 -22.436161
183.306850 -22.439123
183.306249 -22.442089
183.305168 -22.444419
183.304632 -22.447214
183.302448 -22.453132
183.300714 -22.457855
183.299686 -22.460701
183.298342 -22.464056
183.296748 -22.467694
183.294917 -22.470814
183.293765 -22.473715
183.292426 -22.476784
183.290947 -22.480881
183.290100 -22.483957
183.290011 -22.485671
183.289734 -22.487611
> 
183.311666 -22.456806
183.311068 -22.459657
183.310721 -22.462112
183.309500 -22.465469
183.308544 -22.467629
183.307515 -22.470531
183.306181 -22.473315
183.305033 -22.475929
183.303942 -22.478831
183.302855 -22.481503
183.302272 -22.483382
183.301867 -22.485721
183.301522 -22.488060
183.301124 -22.489885
183.299968 -22.493071
183.298042 -22.498247
183.296894 -22.500861
183.295369 -22.504042
183.294658 -22.506262
183.293437 -22.509618
183.292700 -22.513438
183.291407 -22.517479
183.289974 -22.522604
183.288551 -22.527043
183.287511 -22.530630
183.286222 -22.534385
183.285205 -22.536543
183.284365 -22.539161
183.283646 -22.541837
183.282415 -22.545821
183.281194 -22.549176
183.280105 -22.551962
183.279011 -22.555090
183.277862 -22.557817
183.277210 -22.560152
183.276248 -22.562710
183.275284 -22.565326
183.274900 -22.566292
> 
183.268710 -22.569235
183.268289 -22.572543
183.268251 -22.574886
183.268820 -22.577751
183.269084 -22.580440
183.269174 -22.582498
183.269018 -22.584553
183.269021 -22.588210
183.268984 -22.590552
183.268942 -22.593180
183.268588 -22.596089
183.268441 -22.597630
183.267713 -22.600876
183.266754 -22.603205
183.265728 -22.605933
183.265013 -22.608380
183.265163 -22.610496
183.265624 -22.612388
183.266390 -22.614455
> 
183.288144 -22.598645
183.287918 -22.601270
183.287743 -22.604524
183.287384 -22.607775
183.287333 -22.610974
183.287349 -22.613831
183.287004 -22.616168
183.286662 -22.618334
183.286686 -22.620677
183.286832 -22.623078
183.286482 -22.625758
183.285465 -22.627914
183.283705 -22.630403
183.282445 -22.632328
183.281496 -22.634085
183.280972 -22.636077
183.280633 -22.638072
183.280415 -22.640182
183.279510 -22.643025
183.277371 -22.646137
183.275506 -22.647539
183.273577 -22.649055
183.272635 -22.650355
183.271803 -22.652457
183.271034 -22.654445
183.270440 -22.657007
183.269297 -22.659332
183.268578 -22.662064
183.267362 -22.665074
183.266460 -22.667688
183.265682 -22.670247
183.264728 -22.672289
183.263525 -22.674500
183.263121 -22.676721
183.262094 -22.679505
183.261195 -22.681948
183.261152 -22.684631
183.261170 -22.687315
183.261109 -22.691139
183.260570 -22.694101
183.259726 -22.696944
183.258705 -22.699327
183.257242 -22.702447
183.255592 -22.705736
183.254315 -22.708801
183.252471 -22.712714
183.251513 -22.714985
183.250369 -22.717366
183.248731 -22.719912
183.246610 -22.721938
183.244984 -22.723742
183.244217 -22.725615
183.243757 -22.727436
183.243542 -22.729373
183.243497 -22.732170
183.243530 -22.733939
183.243630 -22.735425
183.243713 -22.737880
183.243662 -22.741076
183.243501 -22.743471
> 
182.759 -16.569480
182.768 -16.580163
182.778 -16.592122
182.79 -16.605354
182.803 -16.617832
182.815 -16.631566
182.827 -16.644290
182.841 -16.657784
182.856 -16.674826
182.88 -16.701783
182.909 -16.733573
182.939 -16.765869
182.963 -16.793323
182.989 -16.822302
183.013 -16.846962
183.036 -16.872627
183.064 -16.902867
183.09 -16.928536
183.105 -16.945051
183.116 -16.955725
183.125 -16.965627
183.134 -16.981601
183.145 -17.005676
183.157 -17.024693
183.169 -17.045229
183.179 -17.061959
183.191 -17.085270
183.203 -17.104785
183.215 -17.123288
183.227 -17.147600
183.239 -17.168124
183.251 -17.189652
183.26 -17.206364
183.266 -17.218010
183.276 -17.231439
183.282 -17.244603
183.289 -17.256504
183.293 -17.267127
183.297 -17.273711
> 
183.162 -17.007018
183.173 -17.018954
183.183 -17.029875
183.191 -17.040278
183.203 -17.050443
183.212 -17.060346
183.218 -17.068210
183.222 -17.074293
183.226 -17.085182
183.234 -17.093809
183.24 -17.104452
183.247 -17.120152
183.253 -17.130039
183.261 -17.145487
