0.1 23 16 21
-186.00 -183.70 -182.50 -181.30 -180.30 -179.50 -178.80 -178.20 -177.70 -177.30 -177.00 -176.70 -176.40 -176.10 -175.80 -175.40 -175.00 -174.50 -174.00 -173.40 -172.80 -172.10 -170.00 
-25.00 -22.30 -21.60 -21.20 -20.90 -20.50 -20.10 -19.70 -19.30 -18.80 -18.20 -17.50 -16.70 -16.00 -15.00 -13.00 
-1000.00 -10.00  30.00  70.00 110.00 150.00 190.00 230.00 270.00 310.00 350.00 390.00 430.00 470.00 510.00 550.00 590.00 640.00 690.00 740.00 800.00 
  4.800  4.800  4.800  4.800  4.800  4.800  4.800  4.800  4.800  4.800  4.800  4.800  4.800  4.800  4.800  4.800  4.800  4.800  4.800  4.800  4.800  4.800  4.800
  4.800  4.800  4.800  4.800  4.800  4.800  4.800  4.800  4.800  4.800  4.800  4.800  4.800  4.800  4.800  4.800  4.800  4.800  4.800  4.800  4.800  4.800  4.800
  4.800  4.800  4.800  4.800  4.800  4.800  4.800  4.800  4.800  4.800  4.800  4.800  4.800  4.800  4.800  4.800  4.800  4.800  4.800  4.800  4.800  4.800  4.800
  4.800  4.800  4.800  4.800  4.800  4.800  4.800  4.800  4.800  4.800  4.800  4.800  4.800  4.800  4.800  4.800  4.800  4.800  4.800  4.800  4.800  4.800  4.800
  4.800  4.800  4.800  4.800  4.800  4.800  4.800  4.800  4.800  4.800  4.800  4.800  4.800  4.800  4.800  4.800  4.800  4.800  4.800  4.800  4.800  4.800  4.800
  4.800  4.800  4.800  4.800  4.800  4.800  4.800  4.800  4.800  4.800  4.800  4.800  4.800  4.800  4.800  4.800  4.800  4.800  4.800  4.800  4.800  4.800  4.800
  4.800  4.800  4.800  4.800  4.800  4.800  4.800  4.800  4.800  4.800  4.800  4.800  4.800  4.800  4.800  4.800  4.800  4.800  4.800  4.800  4.800  4.800  4.800
  4.800  4.800  4.800  4.800  4.800  4.800  4.800  4.800  4.800  4.800  4.800  4.800  4.800  4.800  4.800  4.800  4.800  4.800  4.800  4.800  4.800  4.800  4.800
  4.800  4.800  4.800  4.800  4.800  4.800  4.800  4.800  4.800  4.800  4.800  4.800  4.800  4.800  4.800  4.800  4.800  4.800  4.800  4.800  4.800  4.800  4.800
  4.800  4.800  4.800  4.800  4.800  4.800  4.800  4.800  4.800  4.800  4.800  4.800  4.800  4.800  4.800  4.800  4.800  4.800  4.800  4.800  4.800  4.800  4.800
  4.800  4.800  4.800  4.800  4.800  4.800  4.800  4.800  4.800  4.800  4.800  4.800  4.800  4.800  4.800  4.800  4.800  4.800  4.800  4.800  4.800  4.800  4.800
  4.800  4.800  4.800  4.800  4.800  4.800  4.800  4.800  4.800  4.800  4.800  4.800  4.800  4.800  4.800  4.800  4.800  4.800  4.800  4.800  4.800  4.800  4.800
  4.800  4.800  4.800  4.800  4.800  4.800  4.800  4.800  4.800  4.800  4.800  4.800  4.800  4.800  4.800  4.800  4.800  4.800  4.800  4.800  4.800  4.800  4.800
  4.800  4.800  4.800  4.800  4.800  4.800  4.800  4.800  4.800  4.800  4.800  4.800  4.800  4.800  4.800  4.800  4.800  4.800  4.800  4.800  4.800  4.800  4.800
  4.800  4.800  4.800  4.800  4.800  4.800  4.800  4.800  4.800  4.800  4.800  4.800  4.800  4.800  4.800  4.800  4.800  4.800  4.800  4.800  4.800  4.800  4.800
  4.800  4.800  4.800  4.800  4.800  4.800  4.800  4.800  4.800  4.800  4.800  4.800  4.800  4.800  4.800  4.800  4.800  4.800  4.800  4.800  4.800  4.800  4.800
  4.800  4.800  4.800  4.800  4.800  4.800  4.800  4.800  4.800  4.800  4.800  4.800  4.800  4.800  4.800  5.040  5.040  5.040  5.040  4.800  4.800  4.800  4.800
  4.800  5.000  5.000  5.000  5.000  5.001  5.046  5.040  5.043  5.001  5.001  5.019  5.025  5.016  5.012  5.010  5.013  5.034  5.023  5.003  5.000  5.000  4.800
  4.800  5.000  5.000  5.000  5.000  5.000  5.037  5.030  5.001  5.001  5.006  5.012  5.026  5.004  5.002  5.035  5.042  5.023  5.001  5.003  5.000  5.000  4.800
  4.800  5.000  5.000  5.000  5.000  5.000  5.001  5.001  5.001  5.000  5.002  5.016  5.022  5.023  5.010  5.038  5.034  5.011  5.000  5.002  5.000  5.000  4.800
  4.800  5.000  5.000  5.000  5.000  5.000  5.001  5.033  5.001  5.013  5.006  5.020  5.001  5.007  5.015  5.031  5.036  5.010  5.014  5.005  5.040  5.000  4.800
  4.800  5.000  5.000  5.000  5.000  5.000  5.001  5.031  5.001  5.001  5.003  5.006  5.000  5.000  5.031  5.042  5.031  5.000  5.000  5.000  5.040  5.000  4.800
  4.800  5.000  5.000  5.000  5.000  5.000  5.000  5.001  5.001  5.008  5.006  5.014  5.000  5.000  5.039  5.040  5.021  5.000  5.000  5.000  5.040  5.000  4.800
  4.800  5.000  5.000  5.000  5.000  5.000  5.000  5.000  5.000  5.000  5.000  5.002  5.008  5.007  5.030  5.052  5.024  5.000  5.000  5.000  5.000  5.030  4.800
  4.800  5.000  5.000  5.000  5.000  5.000  5.000  5.000  5.000  5.012  5.000  5.002  5.010  5.015  5.013  5.023  5.000  5.000  5.000  5.000  5.000  5.000  4.800
  4.800  5.000  5.000  5.000  5.000  5.000  5.000  5.000  5.000  5.000  5.000  5.000  5.007  5.024  5.000  5.014  5.000  5.000  5.000  5.000  5.003  5.000  4.800
  4.800  5.000  5.000  5.000  5.000  5.000  5.000  5.000  5.000  5.000  5.000  5.000  5.004  5.006  5.000  5.000  5.000  5.000  5.002  5.000  5.000  5.000  4.800
  4.800  5.000  5.000  5.000  5.000  5.000  5.000  5.000  5.000  5.000  5.000  5.000  5.004  5.000  5.000  5.000  5.000  5.000  5.000  5.000  5.000  5.000  4.800
  4.800  5.000  5.000  5.000  5.000  5.000  5.000  5.000  5.015  5.006  5.004  5.000  5.000  5.000  5.000  5.000  5.000  5.005  5.000  5.000  5.000  5.000  4.800
  4.800  5.000  5.000  5.000  5.000  5.000  5.002  5.000  5.011  5.007  5.014  5.009  5.011  5.008  5.013  5.000  5.000  5.000  5.000  5.000  5.000  5.000  4.800
  4.800  5.000  5.000  5.000  5.002  5.001  5.001  5.001  5.019  5.000  5.000  5.000  5.000  5.016  5.010  5.000  5.000  5.000  5.000  5.000  5.000  5.000  4.800
  4.800  4.800  4.800  4.800  4.800  4.800  4.800  4.800  4.800  4.800  4.800  4.800  4.800  4.800  4.800  4.800  4.800  4.800  4.800  4.800  4.800  4.800  4.800
  8.037  8.037  8.037  8.037  8.037  8.037  8.037  8.037  8.037  8.037  8.037  8.037  8.037  8.037  8.439  8.439  8.439  8.439  8.037  8.037  8.037  8.037  8.037
  8.037  8.032  8.177  8.092  7.922  7.869  8.056  8.017  7.784  7.623  7.436  7.287  7.394  7.827  8.137  8.436  8.412  8.348  8.252  8.061  7.950  7.959  8.037
  8.037  8.029  8.015  7.978  7.966  8.023  8.199  8.232  7.745  7.596  7.338  7.158  7.164  7.372  7.591  8.064  8.535  8.317  8.169  8.224  7.915  7.941  8.037
  8.037  8.019  8.024  7.971  8.034  8.022  8.223  8.143  7.768  7.634  7.434  7.181  6.981  6.918  7.287  7.671  8.419  8.197  8.341  8.350  7.986  7.993  8.037
  8.037  8.031  8.020  7.990  7.958  8.035  8.234  8.304  8.092  7.792  7.461  7.148  6.934  6.913  6.943  7.613  8.546  8.311  8.391  8.390  8.386  7.956  8.037
  8.037  8.028  8.012  7.925  8.043  8.141  8.299  8.270  7.970  7.648  7.552  7.176  6.951  6.871  7.081  7.796  7.673  8.278  8.281  8.435  8.358  8.013  8.037
  8.037  8.039  8.025  7.948  8.086  8.109  8.033  8.102  7.780  7.668  7.629  7.302  7.051  6.882  7.058  7.170  7.529  8.168  8.244  8.335  8.332  8.055  8.037
  8.037  8.005  7.744  8.094  8.167  7.844  7.982  8.053  7.676  7.735  7.587  7.270  7.166  6.893  7.098  7.261  7.597  7.458  8.148  8.186  8.308  8.000  8.037
  8.037  7.976  7.633  7.546  7.843  7.929  7.789  7.832  7.755  7.673  7.655  7.337  7.254  7.237  7.234  7.255  7.526  7.499  8.239  8.322  8.323  8.011  8.037
  8.037  7.988  7.613  7.647  7.843  7.928  7.815  7.742  7.788  7.831  7.671  7.314  7.138  7.091  6.997  7.077  7.485  7.554  8.137  8.372  8.516  8.460  8.037
  8.037  7.949  7.623  7.830  7.971  8.092  7.912  7.815  7.899  7.805  7.490  7.263  7.022  6.904  6.947  7.081  7.206  7.580  8.237  8.329  8.393  8.420  8.037
  8.037  7.790  7.633  7.669  8.132  8.036  8.067  7.997  7.850  7.521  7.174  7.063  7.031  6.994  6.988  7.030  7.000  7.315  7.612  8.447  8.359  8.414  8.037
  8.037  7.978  8.120  7.888  7.674  7.961  8.003  7.966  7.740  7.470  7.225  7.155  7.218  7.299  7.323  7.202  7.034  7.199  7.435  8.023  8.143  8.470  8.037
  8.037  8.061  7.971  7.995  7.859  8.230  8.076  7.708  7.498  7.357  7.139  7.279  7.281  7.330  7.257  7.276  7.183  6.892  7.161  7.967  8.220  8.544  8.037
  8.037  8.037  8.182  8.138  8.261  8.161  7.848  7.477  7.464  7.627  7.479  7.603  7.486  7.759  7.406  7.704  7.547  7.135  7.743  8.002  8.377  8.266  8.037
  8.037  8.037  8.037  8.037  8.037  8.037  8.037  8.037  8.037  8.037  8.037  8.037  8.037  8.037  8.037  8.037  8.037  8.037  8.037  8.037  8.037  8.037  8.037
  8.039  8.039  8.039  8.039  8.039  8.039  8.039  8.039  8.039  8.039  8.039  8.039  8.039  8.441  8.441  8.441  8.441  8.441  8.039  8.039  8.039  8.039  8.039
  8.039  8.030  8.142  8.075  7.876  7.828  8.000  7.769  7.700  7.597  7.571  7.592  7.629  8.653  8.572  8.302  8.370  8.293  8.346  8.093  7.931  7.952  8.039
  8.039  8.031  8.017  7.817  7.713  7.883  8.137  7.992  7.677  7.548  7.491  7.627  7.591  7.978  8.519  8.349  8.434  8.464  8.236  8.196  7.909  7.983  8.039
  8.039  8.020  8.018  7.615  7.662  7.793  8.003  8.119  7.683  7.590  7.579  7.534  7.383  7.328  8.135  8.341  8.416  8.394  8.518  8.373  7.979  7.953  8.039
  8.039  8.027  8.013  7.614  7.614  7.768  7.920  8.023  7.776  7.658  7.523  7.558  7.495  7.588  7.478  8.342  8.415  8.265  8.557  8.349  8.371  7.957  8.039
  8.039  8.028  7.990  7.518  7.570  7.598  7.884  7.793  7.671  7.424  7.464  7.535  7.452  7.573  7.499  8.512  8.332  8.150  8.413  8.592  8.348  7.920  8.039
  8.039  8.047  8.013  7.616  7.603  7.629  7.799  7.705  7.488  7.445  7.398  7.413  7.508  7.420  7.431  7.469  8.196  8.207  8.502  8.474  8.348  7.955  8.039
  8.039  7.983  7.573  7.565  7.688  7.849  7.655  7.554  7.409  7.404  7.238  7.270  7.368  7.289  7.386  7.456  7.549  8.253  8.114  8.282  8.324  7.941  8.039
  8.039  7.835  7.450  7.772  7.824  7.622  7.490  7.344  7.318  7.368  7.282  7.175  7.322  7.359  7.473  7.508  7.570  8.324  8.279  8.455  8.378  7.953  8.039
  8.039  7.889  7.328  7.728  7.771  7.693  7.409  7.202  7.110  7.065  7.099  6.992  7.112  7.244  7.342  7.279  7.557  8.371  8.258  8.539  8.579  8.409  8.039
  8.039  7.914  7.627  7.933  7.764  7.664  7.383  7.172  7.122  6.906  7.062  7.170  7.189  7.324  7.344  7.359  7.541  7.508  8.304  8.585  8.422  8.396  8.039
  8.039  7.666  7.464  7.614  7.510  7.237  7.260  7.190  7.191  7.241  7.411  7.363  7.325  7.259  7.218  7.268  7.420  7.502  7.656  8.658  8.365  8.468  8.039
  8.039  7.935  7.990  7.606  7.651  7.594  7.722  7.594  7.568  7.605  7.578  7.529  7.428  7.327  7.262  7.368  7.428  7.374  7.364  8.191  8.364  8.512  8.039
  8.039  8.044  7.820  7.849  7.778  8.272  8.001  7.784  7.648  7.631  7.606  7.516  7.408  7.339  7.268  7.376  7.367  7.390  7.166  8.253  8.467  8.322  8.039
  8.039  8.132  8.274  8.146  8.175  8.405  8.050  7.692  7.702  7.779  7.660  7.820  7.631  7.536  7.172  7.522  7.484  8.301  8.273  8.446  8.399  8.354  8.039
  8.039  8.039  8.039  8.039  8.039  8.039  8.039  8.039  8.039  8.039  8.039  8.039  8.039  8.039  8.039  8.039  8.039  8.039  8.039  8.039  8.039  8.039  8.039
  8.049  8.049  8.049  8.049  8.049  8.049  8.049  8.049  8.049  8.049  8.049  8.049  8.049  8.452  8.452  8.452  8.452  8.049  8.049  8.049  8.049  8.049  8.049
  8.049  8.031  8.121  8.105  7.795  7.525  7.534  7.634  7.621  7.684  7.627  7.631  8.100  8.516  8.538  8.331  8.334  8.301  8.335  8.003  7.992  7.983  8.049
  8.049  8.041  8.024  7.660  7.444  7.375  7.423  7.490  7.475  7.550  7.554  7.663  7.635  8.375  8.386  8.388  8.327  8.578  8.374  8.049  7.931  7.946  8.049
  8.049  8.026  8.016  7.292  7.252  7.298  7.346  7.332  7.391  7.561  7.583  7.574  7.463  7.982  8.274  8.223  8.263  8.643  8.437  8.240  7.931  7.951  8.049
  8.049  8.027  7.998  7.283  7.203  7.230  7.305  7.354  7.423  7.569  7.632  7.566  7.558  7.643  8.285  8.319  8.266  8.305  8.516  8.360  8.071  8.001  8.049
  8.049  8.041  7.978  7.310  7.167  7.199  7.259  7.308  7.394  7.550  7.672  7.619  7.637  7.678  7.550  8.312  8.288  8.137  8.486  8.519  8.087  7.987  8.049
  8.049  8.069  8.058  7.287  7.250  7.171  7.253  7.164  7.302  7.436  7.624  7.618  7.585  7.542  7.532  8.352  8.203  8.364  8.546  8.506  8.030  8.093  8.049
  8.049  7.979  7.546  7.292  7.206  7.271  7.233  7.192  7.317  7.386  7.579  7.593  7.523  7.527  7.556  7.581  8.438  8.341  8.347  8.408  8.343  7.989  8.049
  8.049  7.847  7.447  7.240  7.026  7.184  7.125  7.344  7.324  7.307  7.573  7.572  7.583  7.708  7.704  7.608  8.408  8.301  8.378  8.656  8.047  7.955  8.049
  8.049  7.824  7.265  7.162  7.016  7.149  7.238  7.334  7.397  7.456  7.614  7.507  7.581  7.635  7.613  7.629  7.698  8.314  8.499  8.665  8.544  8.348  8.049
  8.049  7.824  7.535  7.406  7.040  7.387  7.567  7.472  7.449  7.537  7.594  7.582  7.574  7.646  7.650  7.693  7.709  8.445  8.355  8.564  8.456  7.965  8.049
  8.049  7.567  7.350  7.295  7.303  7.567  7.613  7.468  7.490  7.560  7.654  7.655  7.652  7.680  7.683  7.682  7.616  7.666  8.613  8.670  8.477  8.475  8.049
  8.049  7.835  7.606  7.287  7.271  7.544  7.487  7.472  7.620  7.647  7.712  7.666  7.662  7.681  7.678  7.679  7.575  7.519  8.379  8.445  8.599  8.543  8.049
  8.049  8.031  7.703  7.212  7.299  7.505  7.504  7.485  7.647  7.684  7.688  7.685  7.625  7.564  7.600  7.670  7.629  7.462  8.015  8.493  8.503  8.471  8.049
  8.049  8.142  8.315  8.092  7.649  7.856  7.682  7.661  7.729  7.772  7.798  7.760  7.746  7.580  7.530  7.752  7.706  8.229  8.159  8.504  8.406  7.948  8.049
  8.049  8.049  8.049  8.049  8.049  8.049  8.049  8.049  8.049  8.049  8.049  8.049  8.049  8.049  8.049  8.049  8.049  8.049  8.049  8.049  8.049  8.049  8.049
  8.134  8.134  8.134  8.134  8.134  8.134  8.134  8.134  8.134  8.134  8.134  8.134  8.540  8.540  8.540  8.540  8.405  8.134  8.134  8.134  8.134  8.134  8.134
  8.134  8.097  8.211  8.137  7.979  7.832  7.819  7.908  7.870  7.909  7.845  8.176  8.555  8.450  8.458  8.349  8.249  8.340  8.401  8.193  8.101  8.084  8.134
  8.134  8.120  8.090  7.838  7.725  7.675  7.786  7.838  7.743  7.786  7.819  7.843  8.524  8.389  8.218  8.311  8.403  8.627  8.382  8.231  8.139  8.158  8.134
  8.134  8.102  8.079  7.610  7.591  7.697  7.769  7.687  7.685  7.808  7.780  7.751  8.229  8.298  8.213  8.117  8.438  8.636  8.315  8.308  8.087  8.115  8.134
  8.134  8.112  8.098  7.613  7.566  7.574  7.623  7.678  7.706  7.870  7.869  7.789  7.780  8.461  8.341  8.333  8.341  8.456  8.337  8.335  8.173  8.126  8.134
  8.134  8.137  8.147  7.653  7.530  7.561  7.603  7.637  7.709  7.780  7.874  7.787  7.928  7.897  8.512  8.347  8.370  8.361  8.433  8.370  8.134  8.050  8.134
  8.134  8.154  8.192  7.642  7.620  7.577  7.648  7.516  7.679  7.743  7.858  7.663  7.775  7.761  8.439  8.456  8.463  8.475  8.608  8.417  8.046  8.087  8.134
  8.134  8.079  7.803  7.665  7.573  7.621  7.571  7.553  7.677  7.656  7.843  7.700  7.768  7.825  7.769  8.438  8.355  8.383  8.573  8.517  8.412  8.095  8.134
  8.134  8.034  7.770  7.650  7.469  7.523  7.482  7.674  7.677  7.627  7.803  7.708  7.781  7.924  7.817  8.426  8.262  8.262  8.550  8.537  8.200  8.114  8.134
  8.134  7.858  7.515  7.504  7.468  7.515  7.586  7.686  7.686  7.729  7.804  7.770  7.796  7.866  7.792  7.824  8.372  8.310  8.617  8.567  8.488  8.491  8.134
  8.134  7.831  7.759  7.667  7.483  7.631  7.789  7.718  7.637  7.798  7.809  7.814  7.753  7.826  7.786  7.843  7.856  8.361  8.404  8.548  8.465  8.317  8.134
  8.134  7.654  7.637  7.583  7.647  7.793  7.833  7.732  7.719  7.781  7.848  7.905  7.850  7.844  7.865  7.908  7.884  8.636  8.670  8.808  8.661  8.495  8.134
  8.134  7.956  7.839  7.548  7.627  7.738  7.744  7.786  7.838  7.831  7.929  7.916  7.886  7.857  7.886  7.900  7.819  7.718  8.449  8.631  8.537  8.577  8.134
  8.134  8.184  7.949  7.545  7.598  7.738  7.707  7.701  7.814  7.853  7.932  7.851  7.804  7.780  7.869  7.862  7.768  7.642  8.245  8.395  8.616  8.498  8.134
  8.134  8.218  8.429  7.991  7.894  8.075  7.826  7.729  7.858  7.957  8.035  7.798  7.859  7.732  7.902  7.781  8.355  8.420  8.533  8.466  8.362  8.167  8.134
  8.134  8.134  8.134  8.134  8.134  8.134  8.134  8.134  8.134  8.134  8.134  8.134  8.134  8.134  8.134  8.134  8.134  8.134  8.134  8.134  8.134  8.134  8.134
  8.245  8.245  8.245  8.245  8.245  8.245  8.245  8.245  8.245  8.245  8.245  8.657  8.657  8.657  8.657  8.657  8.382  8.245  8.245  8.245  8.245  8.245  8.245
  8.245  8.180  8.282  8.191  8.135  8.101  8.097  8.201  8.154  8.162  8.097  8.590  8.589  8.492  8.437  8.427  8.176  8.297  8.353  8.317  8.238  8.225  8.245
  8.245  8.220  8.174  8.045  7.973  8.017  8.106  8.153  8.063  8.073  8.094  8.560  8.669  8.543  8.330  8.467  8.372  8.448  8.415  8.291  8.254  8.247  8.245
  8.245  8.227  8.219  7.969  7.957  8.061  8.073  8.014  8.053  8.057  8.034  8.410  8.566  8.482  8.334  8.318  8.405  8.432  8.228  8.282  8.182  8.239  8.245
  8.245  8.225  8.245  7.977  7.956  7.961  7.983  8.030  8.077  8.112  8.140  8.023  8.514  8.368  8.325  8.432  8.580  8.444  8.376  8.331  8.214  8.262  8.245
  8.245  8.251  8.310  8.032  7.947  7.941  8.029  7.979  7.996  8.030  8.067  8.060  8.000  8.526  8.596  8.518  8.453  8.348  8.424  8.343  8.126  8.065  8.245
  8.245  8.256  8.270  8.003  8.011  7.983  8.084  7.966  8.053  8.078  8.087  7.931  7.986  8.576  8.485  8.582  8.670  8.595  8.470  8.452  8.126  8.137  8.245
  8.245  8.202  8.050  8.017  7.984  7.992  7.953  7.945  8.008  8.001  8.047  7.868  8.098  8.110  7.997  8.442  8.536  8.488  8.413  8.577  8.415  8.165  8.245
  8.245  8.115  8.055  8.043  7.959  7.958  7.931  7.977  7.994  8.015  7.956  7.848  7.994  8.117  8.539  8.432  8.415  8.497  8.404  8.512  8.311  8.062  8.245
  8.245  7.984  7.866  7.862  7.972  8.001  8.043  8.018  7.977  7.995  7.949  7.953  8.029  8.083  8.053  8.054  8.387  8.490  8.693  8.573  8.497  8.248  8.245
  8.245  7.984  8.067  7.940  7.954  7.930  8.145  7.912  7.871  8.017  7.966  7.969  7.947  7.986  7.934  7.978  8.527  8.452  8.470  8.377  8.464  8.322  8.245
  8.245  7.879  8.040  7.937  8.033  7.960  8.069  7.957  7.940  8.016  8.020  8.070  8.057  8.055  8.052  8.059  8.050  8.627  8.734  8.671  8.524  8.404  8.245
  8.245  8.220  8.108  7.852  7.995  7.958  8.015  8.106  8.065  8.048  8.117  8.099  8.075  8.098  8.116  8.102  8.022  8.513  8.637  8.674  8.340  8.470  8.245
  8.245  8.336  8.173  7.963  7.980  8.023  7.990  8.020  8.067  8.088  8.125  8.057  7.969  8.072  8.123  8.122  8.017  8.364  8.626  8.471  8.500  8.431  8.245
  8.245  8.330  8.516  7.987  8.224  8.311  8.073  7.950  8.111  8.205  8.154  7.985  7.994  8.004  8.148  8.671  8.678  8.420  8.668  8.269  8.439  8.353  8.245
  8.245  8.245  8.245  8.245  8.245  8.245  8.245  8.245  8.245  8.245  8.245  8.245  8.245  8.245  8.245  8.245  8.245  8.245  8.245  8.245  8.245  8.245  8.245
  8.373  8.373  8.373  8.373  8.373  8.373  8.373  8.373  8.373  8.373  8.792  8.792  8.792  8.792  8.792  8.373  8.373  8.373  8.373  8.373  8.373  8.373  8.373
  8.373  8.273  8.287  8.335  8.425  8.431  8.435  8.501  8.407  8.369  8.625  8.603  8.617  8.554  8.496  8.220  8.212  8.278  8.347  8.438  8.376  8.405  8.373
  8.373  8.350  8.326  8.288  8.358  8.408  8.445  8.452  8.369  8.360  8.678  8.612  8.763  8.625  8.463  8.406  8.364  8.431  8.416  8.417  8.390  8.455  8.373
  8.373  8.371  8.376  8.347  8.330  8.430  8.423  8.381  8.434  8.342  8.487  8.630  8.651  8.527  8.431  8.556  8.347  8.435  8.284  8.354  8.371  8.494  8.373
  8.373  8.352  8.410  8.370  8.368  8.394  8.405  8.396  8.430  8.303  8.296  8.653  8.557  8.368  8.365  8.562  8.409  8.403  8.485  8.406  8.423  8.543  8.373
  8.373  8.380  8.446  8.417  8.402  8.317  8.398  8.348  8.364  8.262  8.190  8.653  8.563  8.529  8.622  8.627  8.707  8.332  8.454  8.485  8.374  8.447  8.373
  8.373  8.362  8.356  8.395  8.414  8.342  8.431  8.391  8.371  8.298  8.255  8.262  8.684  8.693  8.686  8.682  8.735  8.306  8.402  8.540  8.364  8.450  8.373
  8.373  8.326  8.319  8.429  8.470  8.349  8.328  8.376  8.355  8.323  8.212  8.222  8.377  8.331  8.657  8.552  8.781  8.740  8.338  8.531  8.394  8.453  8.373
  8.373  8.303  8.384  8.428  8.449  8.381  8.433  8.411  8.379  8.350  8.167  8.230  8.250  8.335  8.750  8.639  8.672  8.648  8.275  8.418  8.413  8.370  8.373
  8.373  8.212  8.260  8.206  8.416  8.388  8.455  8.452  8.341  8.294  8.197  8.279  8.315  8.380  8.348  8.613  8.492  8.637  8.771  8.517  8.431  8.335  8.373
  8.373  8.275  8.398  8.295  8.422  8.265  8.466  8.153  8.274  8.271  8.228  8.264  8.243  8.211  8.188  8.202  8.630  8.515  8.578  8.361  8.361  8.495  8.373
  8.373  8.136  8.350  8.353  8.494  8.264  8.362  8.220  8.279  8.312  8.308  8.338  8.295  8.305  8.331  8.282  8.593  8.675  8.693  8.276  8.392  8.404  8.373
  8.373  8.501  8.319  8.257  8.453  8.268  8.350  8.435  8.361  8.311  8.322  8.352  8.338  8.389  8.375  8.322  8.232  8.721  8.662  8.591  8.373  8.505  8.373
  8.373  8.527  8.441  8.481  8.372  8.335  8.358  8.405  8.372  8.341  8.313  8.326  8.272  8.339  8.348  8.378  8.212  8.612  8.824  8.617  8.482  8.516  8.373
  8.373  8.519  8.612  8.129  8.479  8.514  8.496  8.309  8.321  8.479  8.321  8.218  8.218  8.251  8.765  8.843  8.656  8.772  8.187  8.353  8.474  8.344  8.373
  8.373  8.373  8.373  8.373  8.373  8.373  8.373  8.373  8.373  8.373  8.373  8.373  8.373  8.373  8.373  8.373  8.373  8.373  8.373  8.373  8.373  8.373  8.373
  8.519  8.519  8.519  8.519  8.519  8.519  8.519  8.519  8.519  8.945  8.945  8.945  8.945  8.945  8.945  8.519  8.519  8.519  8.519  8.519  8.519  8.519  8.519
  8.519  8.428  8.359  8.441  8.553  8.521  8.495  8.506  8.466  8.637  8.642  8.566  8.553  8.602  8.722  8.533  8.480  8.432  8.412  8.511  8.519  8.567  8.519
  8.519  8.498  8.489  8.432  8.413  8.485  8.514  8.488  8.442  8.688  8.749  8.754  8.731  8.728  8.703  8.376  8.545  8.538  8.478  8.568  8.565  8.633  8.519
  8.519  8.526  8.549  8.491  8.462  8.497  8.507  8.506  8.581  8.492  8.701  8.717  8.655  8.797  8.702  8.630  8.538  8.526  8.467  8.555  8.614  8.527  8.519
  8.519  8.505  8.585  8.526  8.507  8.496  8.541  8.491  8.422  8.431  8.762  8.664  8.628  8.596  8.667  8.765  8.574  8.512  8.602  8.627  8.615  8.485  8.519
  8.519  8.509  8.545  8.550  8.564  8.508  8.433  8.508  8.467  8.303  8.316  8.671  8.793  8.550  8.739  8.713  8.539  8.444  8.568  8.663  8.543  8.432  8.519
  8.519  8.465  8.467  8.551  8.609  8.538  8.517  8.541  8.505  8.330  8.405  8.817  8.864  8.656  8.876  8.724  8.871  8.503  8.537  8.637  8.553  8.479  8.519
  8.519  8.438  8.438  8.585  8.632  8.563  8.528  8.591  8.540  8.373  8.359  8.501  8.476  8.696  8.715  8.784  8.976  8.509  8.494  8.695  8.530  8.460  8.519
  8.519  8.435  8.512  8.588  8.679  8.599  8.523  8.592  8.534  8.340  8.442  8.440  8.821  8.698  8.847  8.842  8.836  8.404  8.416  8.581  8.548  8.558  8.519
  8.519  8.319  8.472  8.409  8.626  8.571  8.546  8.678  8.465  8.280  8.351  8.473  8.590  8.902  8.896  8.868  8.886  8.903  8.537  8.554  8.583  8.673  8.519
  8.519  8.414  8.513  8.477  8.571  8.498  8.551  8.367  8.393  8.315  8.373  8.497  8.447  8.746  8.715  8.779  8.985  8.773  8.818  8.568  8.525  8.789  8.519
  8.519  8.441  8.551  8.588  8.613  8.552  8.586  8.325  8.437  8.491  8.446  8.490  8.414  8.438  8.860  8.835  8.823  8.825  8.907  8.433  8.545  8.631  8.519
  8.519  8.754  8.434  8.535  8.587  8.481  8.530  8.494  8.528  8.538  8.493  8.500  8.484  8.520  8.497  8.410  8.776  8.968  8.948  8.650  8.546  8.621  8.519
  8.519  8.746  8.610  8.781  8.541  8.415  8.484  8.568  8.546  8.498  8.483  8.483  8.471  8.509  8.518  8.877  8.744  8.798  8.864  8.833  8.594  8.495  8.519
  8.519  8.719  8.558  8.528  8.436  8.451  8.704  8.516  8.488  8.584  8.416  8.426  8.773  8.988  8.905  8.912  8.868  8.971  8.402  8.643  8.689  8.391  8.519
  8.519  8.519  8.519  8.519  8.519  8.519  8.519  8.519  8.519  8.519  8.519  8.519  8.519  8.519  8.519  8.519  8.519  8.519  8.519  8.519  8.519  8.519  8.519
  8.665  8.665  8.665  8.665  8.665  8.665  8.665  8.665  9.098  9.098  9.098  9.098  9.098  9.098  8.665  8.665  8.665  8.665  8.665  8.665  8.665  8.665  8.665
  8.665  8.629  8.589  8.467  8.506  8.558  8.672  8.835  8.972  8.891  8.735  8.637  8.670  8.806  8.540  8.642  8.780  8.673  8.518  8.531  8.655  8.698  8.665
  8.665  8.639  8.656  8.573  8.602  8.574  8.684  8.832  9.013  8.982  8.855  8.789  8.766  8.911  8.582  8.585  8.738  8.675  8.642  8.761  8.737  8.756  8.665
  8.665  8.668  8.724  8.639  8.612  8.602  8.652  8.653  9.033  8.943  8.844  8.740  8.843  8.971  8.733  8.729  8.733  8.678  8.728  8.800  8.806  8.756  8.665
  8.665  8.652  8.700  8.661  8.658  8.631  8.676  8.632  8.481  8.889  8.819  8.794  8.857  9.014  8.991  8.520  8.661  8.753  8.818  8.821  8.814  8.722  8.665
  8.665  8.634  8.643  8.678  8.771  8.649  8.608  8.767  8.470  8.794  8.836  8.914  8.875  8.844  8.842  8.514  8.662  8.645  8.708  8.718  8.756  8.841  8.665
  8.665  8.587  8.584  8.682  8.684  8.704  8.603  8.740  8.678  8.848  8.883  8.918  8.922  8.917  8.774  8.774  8.608  8.724  8.752  8.763  8.737  8.792  8.665
  8.665  8.595  8.612  8.700  8.716  8.750  8.712  8.785  8.700  8.426  9.089  9.141  8.899  8.878  8.771  8.826  9.099  8.640  8.715  8.805  8.760  8.729  8.665
  8.665  8.552  8.639  8.733  8.750  8.814  8.686  8.611  8.499  8.945  9.172  8.965  8.904  8.757  8.953  8.990  9.022  8.554  8.638  8.782  8.809  8.833  8.665
  8.665  8.543  8.664  8.673  8.698  8.819  8.754  8.822  8.470  8.809  9.056  8.965  9.028  8.915  8.878  8.994  9.060  9.038  8.676  8.684  8.745  8.838  8.665
  8.665  8.676  8.756  8.702  8.645  8.767  8.642  8.576  8.376  8.802  8.995  9.041  8.983  8.901  8.871  9.028  9.031  8.953  8.588  8.737  8.693  8.919  8.665
  8.665  8.745  8.838  8.774  8.671  8.769  8.679  8.519  8.948  8.993  8.966  8.978  8.869  8.983  9.013  9.036  9.105  8.964  8.598  8.616  8.636  8.831  8.665
  8.665  8.892  8.685  8.782  8.702  8.597  8.691  8.600  8.658  9.094  9.021  9.030  9.013  9.075  9.058  8.948  9.025  9.089  9.070  8.516  8.709  8.795  8.665
  8.665  8.838  8.808  9.019  8.747  8.528  8.574  8.663  9.047  9.011  9.003  9.039  9.043  9.078  9.076  8.952  9.061  9.029  9.073  8.665  8.683  8.713  8.665
  8.665  8.890  8.669  8.813  8.556  8.544  8.733  9.038  8.883  8.974  8.890  9.032  8.844  9.087  9.090  9.091  9.330  8.597  8.773  8.740  8.683  8.659  8.665
  8.665  8.665  8.665  8.665  8.665  8.665  8.665  8.665  8.665  8.665  8.665  8.665  8.665  8.665  8.665  8.665  8.665  8.665  8.665  8.665  8.665  8.665  8.665
  8.811  8.811  8.811  8.811  8.811  8.811  8.811  9.252  9.252  9.252  9.252  9.252  9.252  8.811  8.811  8.811  8.811  8.811  8.811  8.811  8.811  8.811  8.811
  8.811  8.699  8.639  8.542  8.561  8.693  8.762  8.897  9.050  8.967  8.813  8.752  8.945  8.663  8.690  8.725  8.941  8.813  8.671  8.611  8.789  8.830  8.811
  8.811  8.788  8.843  8.698  8.709  8.768  8.757  8.923  9.147  9.111  8.984  8.841  8.897  8.913  8.791  8.729  8.860  8.831  8.791  8.876  8.894  8.882  8.811
  8.811  8.791  8.826  8.768  8.683  8.765  8.731  8.846  9.174  9.099  9.079  8.936  9.052  9.139  8.878  8.774  8.736  8.847  8.915  9.001  8.959  8.870  8.811
  8.811  8.772  8.795  8.802  8.856  8.753  8.767  8.814  9.125  9.000  8.900  9.071  9.003  9.157  8.861  8.697  8.643  8.876  8.959  8.884  8.967  8.935  8.811
  8.811  8.822  8.737  8.814  8.907  8.730  8.785  8.894  9.002  8.924  8.977  9.337  9.041  9.007  8.647  8.784  8.758  8.802  8.842  8.808  8.899  8.927  8.811
  8.811  8.818  8.750  8.791  8.742  8.755  8.713  8.858  8.903  8.945  8.941  9.160  9.174  9.009  8.865  8.672  8.790  8.880  8.895  8.923  8.867  8.826  8.811
  8.811  8.837  8.887  8.862  8.886  8.890  8.870  8.842  8.803  8.995  9.199  9.074  9.073  8.978  8.918  9.030  8.826  8.793  8.906  8.922  8.897  8.754  8.811
  8.811  8.828  8.894  8.954  8.850  8.961  8.816  8.625  9.005  9.343  9.238  9.043  8.935  8.963  9.128  9.134  8.778  8.665  8.819  8.894  8.957  8.847  8.811
  8.811  8.721  8.789  8.867  8.759  8.980  9.014  9.067  9.021  9.181  9.208  9.043  9.058  8.956  8.983  9.186  9.109  8.630  8.797  8.874  8.915  8.878  8.811
  8.811  8.796  8.878  8.895  8.739  8.924  8.828  8.761  8.952  9.196  9.302  9.251  9.141  8.987  9.053  9.202  9.118  9.085  8.810  8.970  8.970  9.020  8.811
  8.811  8.837  8.865  8.859  8.793  8.995  8.702  9.095  9.068  9.243  9.222  9.170  8.956  9.051  9.120  9.171  9.234  9.155  8.761  8.844  8.833  9.092  8.811
  8.811  8.992  8.867  8.854  8.899  8.841  8.813  8.686  9.129  9.241  9.179  9.133  9.135  9.116  9.070  9.103  9.234  9.228  8.734  8.639  8.846  9.092  8.811
  8.811  9.018  8.994  9.140  8.963  8.704  8.671  8.763  9.148  9.161  9.125  9.137  9.213  9.175  9.127  9.175  9.327  9.316  8.838  8.815  8.783  8.928  8.811
  8.811  9.007  8.957  9.275  8.686  8.570  8.777  9.222  8.940  9.032  9.022  9.037  9.073  9.084  9.255  9.258  9.154  8.935  9.015  8.868  8.733  8.816  8.811
  8.811  8.811  8.811  8.811  8.811  8.811  8.811  8.811  8.811  8.811  8.811  8.811  8.811  8.811  8.811  8.811  8.811  8.811  8.811  8.811  8.811  8.811  8.811
  8.959  8.959  8.959  8.959  8.959  8.959  8.959  9.407  9.407  9.407  9.407  9.407  8.959  8.959  8.959  8.959  8.959  8.959  8.959  8.959  8.959  8.959  8.959
  8.959  8.940  8.876  8.749  8.765  8.818  8.782  9.095  9.201  9.102  8.983  9.079  8.966  8.863  8.827  8.828  9.000  9.043  8.930  8.796  8.922  8.980  8.959
  8.959  8.989  9.044  8.869  8.809  8.776  8.708  9.179  9.362  9.249  9.099  9.058  8.929  8.850  8.981  8.926  8.993  9.064  8.958  8.925  9.032  9.064  8.959
  8.959  8.867  8.911  8.838  8.873  8.849  8.734  9.212  9.078  9.210  9.199  9.063  9.197  8.895  8.993  8.899  8.754  8.946  9.027  9.206  9.163  9.007  8.959
  8.959  8.850  8.883  8.841  8.957  8.880  8.925  8.964  9.255  9.310  9.218  9.021  9.170  8.849  9.017  8.941  8.746  8.997  9.078  9.017  9.058  9.007  8.959
  8.959  8.990  8.898  8.959  9.075  8.987  8.954  8.889  9.206  9.131  9.372  9.332  9.178  9.264  8.943  9.023  8.902  8.943  9.022  9.097  9.104  9.001  8.959
  8.959  9.102  9.003  8.866  8.916  8.908  8.920  9.056  9.389  9.299  9.329  9.358  9.251  9.164  8.752  8.916  8.969  9.030  9.108  9.167  9.049  8.887  8.959
  8.959  9.034  9.120  8.938  8.984  9.052  9.001  9.091  9.185  8.972  9.073  9.219  9.178  9.115  9.069  8.804  8.958  8.943  9.069  9.086  9.059  8.827  8.959
  8.959  9.066  9.086  9.068  8.940  9.067  9.029  9.009  9.374  9.326  9.254  9.215  9.148  9.178  9.211  8.866  8.928  8.775  8.942  8.983  9.101  8.954  8.959
  8.959  8.932  8.972  9.035  8.892  9.013  9.224  9.095  9.374  9.275  9.412  9.247  9.161  9.149  9.167  9.377  8.895  8.751  8.872  8.969  9.062  9.042  8.959
  8.959  8.939  9.027  8.997  8.873  8.946  9.042  8.942  9.222  9.412  9.504  9.347  9.290  9.200  9.226  9.312  9.363  8.825  8.915  9.018  9.088  9.168  8.959
  8.959  8.974  8.971  8.917  8.906  9.083  8.911  9.409  9.249  9.446  9.494  9.306  9.186  9.231  9.251  9.343  8.996  8.948  8.933  8.959  8.979  9.201  8.959
  8.959  9.173  9.145  8.968  8.984  9.010  9.014  9.283  9.243  9.459  9.471  9.283  9.267  9.153  9.149  9.368  9.467  8.963  8.978  8.896  9.016  9.202  8.959
  8.959  9.137  9.103  9.161  9.118  8.883  9.284  9.342  9.439  9.480  9.444  9.396  9.494  9.366  9.319  9.404  9.493  9.044  8.938  9.001  8.969  9.062  8.959
  8.959  9.071  9.102  9.430  9.026  8.717  8.839  9.447  9.742  9.765  9.569  9.236  9.491  9.300  9.507  8.949  9.044  9.265  9.090  9.155  8.915  9.011  8.959
  8.959  8.959  8.959  8.959  8.959  8.959  8.959  8.959  8.959  8.959  8.959  8.959  8.959  8.959  8.959  8.959  8.959  8.959  8.959  8.959  8.959  8.959  8.959
  9.411  9.411  9.411  9.411  9.411  9.411  9.881  9.881  9.881  9.881  9.881  9.411  9.411  9.411  9.411  9.411  9.411  9.411  9.411  9.411  9.411  9.411  9.411
  9.411  9.266  9.302  9.136  9.291  9.623  9.713  9.475  9.850  9.529  9.597  9.541  9.235  9.233  9.254  9.151  9.258  9.585  9.547  9.292  9.341  9.465  9.411
  9.411  9.183  9.294  9.212  9.242  9.198  9.569  9.543  9.920  9.646  9.563  9.439  9.294  9.265  9.373  9.371  9.412  9.535  9.571  9.446  9.615  9.623  9.411
  9.411  9.171  9.233  9.356  9.407  9.150  9.564  9.626  9.567  9.799  9.571  9.551  9.356  9.384  9.349  9.369  9.250  9.336  9.433  9.725  9.676  9.460  9.411
  9.411  9.333  9.202  9.300  9.391  9.345  9.416  9.993  9.695  9.779  9.468  9.420  9.313  9.307  9.344  9.459  9.209  9.445  9.527  9.544  9.456  9.501  9.411
  9.411  9.369  9.353  9.442  9.433  9.422  9.441  9.737  9.744  9.797  9.897  9.559  9.710  9.317  9.368  9.396  9.295  9.434  9.497  9.596  9.586  9.521  9.411
  9.411  9.464  9.419  9.284  9.358  9.378  9.378  9.718  9.764 10.135 10.222  9.673  9.558  9.294  9.313  9.320  9.398  9.430  9.561  9.609  9.506  9.398  9.411
  9.411  9.388  9.418  9.439  9.475  9.459  9.335  9.969  9.478  9.473  9.554  9.820  9.670  9.729  9.205  9.309  9.418  9.392  9.507  9.541  9.536  9.389  9.411
  9.411  9.462  9.482  9.497  9.341  9.432  9.326  9.432  9.560  9.601  9.764  9.912  9.910  9.195  9.250  9.423  9.391  9.287  9.385  9.419  9.480  9.444  9.411
  9.411  9.380  9.442  9.476  9.376  9.412  9.667  9.468  9.683  9.802  9.910  9.663  9.674  9.202  9.198  9.363  9.361  9.249  9.347  9.340  9.447  9.477  9.411
  9.411  9.486  9.507  9.496  9.412  9.398  9.496 10.298  9.378  9.845  9.916  9.651  9.654  9.234  9.302  9.286  9.361  9.318  9.330  9.343  9.456  9.597  9.411
  9.411  9.380  9.423  9.293  9.391  9.429  9.900 10.271  9.625  9.827  9.980  9.846  9.689  9.749  9.809  9.306  9.352  9.406  9.413  9.410  9.463  9.572  9.411
  9.411  9.592  9.561  9.355  9.392  9.439  9.930  9.795  9.672  9.827 10.048  9.696  9.661  9.620  9.663  9.395  9.453  9.400  9.480  9.465  9.455  9.587  9.411
  9.411  9.546  9.571  9.500  9.534  9.394  9.854  9.858  9.979  9.944  9.966  9.854 10.013  9.967  9.931  9.968  9.465  9.435  9.362  9.419  9.451  9.463  9.411
  9.411  9.420  9.628  9.936  9.763  9.325  9.487 10.200 10.473 10.327 10.113  9.845 10.022  9.505  9.574  9.565  9.480  9.747  9.385  9.538  9.535  9.369  9.411
  9.411  9.411  9.411  9.411  9.411  9.411  9.411  9.411  9.411  9.411  9.411  9.411  9.411  9.411  9.411  9.411  9.411  9.411  9.411  9.411  9.411  9.411  9.411
  9.562  9.562  9.562  9.562  9.562 10.040 10.040 10.040 10.040 10.040  9.562  9.562  9.562  9.562  9.562  9.562  9.562  9.562  9.562  9.562  9.562  9.562  9.562
  9.562  9.410  9.502  9.258  9.453 10.004  9.949  9.871  9.887  9.435  9.743  9.526  9.357  9.309  9.407  9.436  9.341  9.677  9.779  9.546  9.554  9.660  9.562
  9.562  9.317  9.413  9.406  9.446  9.513  9.773  9.779  9.920  9.488  9.539  9.496  9.486  9.446  9.516  9.585  9.530  9.549  9.723  9.629  9.729  9.770  9.562
  9.562  9.288  9.337  9.520  9.472  9.177  9.802  9.609  9.990  9.705  9.640  9.456  9.510  9.536  9.529  9.589  9.488  9.409  9.546  9.751  9.779  9.570  9.562
  9.562  9.488  9.378  9.498  9.525  9.459  9.602  9.994  9.990  9.703  9.493  9.715  9.525  9.547  9.532  9.610  9.564  9.632  9.685  9.753  9.544  9.498  9.562
  9.562  9.533  9.464  9.594  9.619  9.508  9.430  9.808  9.487  9.820  9.879  9.730  9.404  9.483  9.524  9.525  9.590  9.633  9.665  9.732  9.783  9.684  9.562
  9.562  9.608  9.547  9.442  9.558  9.576  9.628  9.770  9.607 10.153 10.338  9.686  9.356  9.484  9.553  9.522  9.630  9.594  9.707  9.780  9.748  9.679  9.562
  9.562  9.565  9.575  9.550  9.751  9.751  9.722  9.912  9.481  9.652  9.983  9.710  9.798  9.455  9.473  9.523  9.580  9.531  9.660  9.727  9.792  9.705  9.562
  9.562  9.591  9.635  9.530  9.497  9.470  9.415  9.480  9.307  9.615 10.000 10.073  9.892  9.304  9.400  9.563  9.488  9.477  9.546  9.706  9.619  9.649  9.562
  9.562  9.464  9.549  9.496  9.530  9.665  9.722  9.517  9.594 10.029 10.147  9.907  9.865  9.412  9.330  9.463  9.500  9.366  9.557  9.611  9.535  9.608  9.562
  9.562  9.648  9.590  9.591  9.666  9.841  9.822  9.986  9.906 10.254  9.873  9.703  9.395  9.412  9.540  9.407  9.452  9.440  9.414  9.472  9.549  9.719  9.562
  9.562  9.488  9.629  9.441  9.705  9.720 10.299  9.963  9.821  9.958  9.962  9.984  9.544  9.554  9.562  9.449  9.411  9.493  9.536  9.472  9.612  9.742  9.562
  9.562  9.686  9.625  9.568  9.703  9.675 10.348 10.050  9.877  9.871 10.046  9.893  9.425  9.456  9.326  9.544  9.597  9.535  9.572  9.615  9.578  9.698  9.562
  9.562  9.809  9.760  9.616  9.683  9.641 10.176 10.128 10.142 10.217 10.142  9.992 10.141 10.217  9.619  9.641  9.599  9.511  9.492  9.588  9.626  9.617  9.562
  9.562  9.899  9.960  9.882 10.144  9.614  9.597 10.528 10.174 10.150  9.864  9.679  9.698  9.753  9.707  9.683  9.649  9.766  9.596  9.627  9.793  9.579  9.562
  9.562  9.562  9.562  9.562  9.562  9.562  9.562  9.562  9.562  9.562  9.562  9.562  9.562  9.562  9.562  9.562  9.562  9.562  9.562  9.562  9.562  9.562  9.562
  9.696  9.696  9.696  9.696 10.181 10.181 10.181 10.181 10.181  9.696  9.696  9.696  9.696  9.696  9.696  9.696  9.696  9.696  9.696  9.696  9.696  9.696  9.696
  9.696  9.615  9.636  9.456  9.976 10.093 10.082 10.115  9.938  9.623  9.790  9.654  9.447  9.384  9.425  9.642  9.573  9.792  9.885  9.845  9.798  9.886  9.696
  9.696  9.604  9.503  9.623 10.158  9.847 10.065 10.210  9.819  9.655  9.594  9.671  9.539  9.474  9.514  9.732  9.757  9.615  9.862  9.871  9.897  9.861  9.696
  9.696  9.523  9.509  9.717  9.976  9.843 10.094  9.734 10.136  9.836  9.436  9.542  9.564  9.557  9.523  9.685  9.750  9.580  9.748  9.825  9.830  9.839  9.696
  9.696  9.690  9.608  9.762  9.783 10.180 10.376  9.864 10.329  9.741  9.612  9.490  9.546  9.617  9.640  9.650  9.829  9.840  9.942  9.926  9.765  9.691  9.696
  9.696  9.726  9.598  9.806  9.816  9.966  9.997 10.282  9.905  9.508  9.615  9.488  9.577  9.675  9.687  9.580  9.723  9.790  9.822  9.836  9.910  9.843  9.696
  9.696  9.809  9.687  9.715  9.868 10.137 10.023 10.471 10.059 10.049 10.058  9.874  9.542  9.605  9.784  9.749  9.765  9.764  9.826  9.940  9.897  9.811  9.696
  9.696  9.849  9.769  9.861  9.958  9.907 10.365 10.281  9.867 10.330 10.155  9.786  9.545  9.600  9.630  9.710  9.718  9.639  9.778  9.897  9.985  9.947  9.696
  9.696  9.798  9.808  9.643  9.760  9.528 10.106  9.934  9.730 10.233 10.030  9.766  9.945  9.529  9.531  9.663  9.602  9.665  9.812  9.922  9.813  9.884  9.696
  9.696  9.700  9.666  9.619  9.921 10.401 10.261 10.046  9.798 10.089 10.205  9.940  9.970  9.514  9.508  9.565  9.627  9.480  9.752  9.882  9.728  9.837  9.696
  9.696  9.868  9.782  9.855  9.956 10.245 10.103  9.583 10.266 10.227  9.857  9.485  9.612  9.615  9.688  9.507  9.605  9.557  9.495  9.553  9.649  9.916  9.696
  9.696  9.769  9.973  9.811  9.918 10.212 10.436  9.619 10.418  9.927  9.543  9.744  9.690  9.557  9.664  9.503  9.503  9.622  9.645  9.566  9.741  9.943  9.696
  9.696  9.903  9.878  9.850  9.925 10.286 10.502 10.108 10.015  9.902  9.569  9.852  9.525  9.605  9.528  9.595  9.598  9.601  9.636  9.737  9.766  9.823  9.696
  9.696 10.138  9.818  9.718  9.890 10.274 10.254 10.125 10.162 10.314 10.358  9.769  9.707  9.865  9.767  9.667  9.630  9.606  9.638  9.748  9.789  9.886  9.696
  9.696 10.260  9.857  9.856 10.364  9.991  9.894 10.434  9.787  9.915 10.130 10.155  9.848  9.952  9.972  9.675  9.662  9.712  9.970  9.764  9.958  9.914  9.696
  9.696  9.696  9.696  9.696  9.696  9.696  9.696  9.696  9.696  9.696  9.696  9.696  9.696  9.696  9.696  9.696  9.696  9.696  9.696  9.696  9.696  9.696  9.696
  9.830  9.830  9.830  9.830 10.322 10.322 10.322 10.322  9.830  9.830  9.830  9.830  9.830  9.830  9.830  9.830  9.830  9.830  9.830  9.830  9.830  9.830  9.830
  9.830  9.824  9.752  9.619 10.161 10.364 10.207 10.093  9.733  9.943  9.959  9.844  9.690  9.677  9.650  9.724  9.693  9.745  9.973 10.046  9.955 10.080  9.830
  9.830  9.769  9.630  9.785 10.359 10.230 10.494 10.150  9.925  9.755  9.796  9.736  9.646  9.665  9.689  9.833  9.964  9.731  9.919  9.948 10.035  9.867  9.830
  9.830  9.801  9.761  9.817 10.261 10.167 10.445 10.195 10.589  9.754  9.630  9.720  9.683  9.691  9.666  9.796  9.975  9.863 10.025  9.879  9.838  9.688  9.830
  9.830  9.853  9.803  9.854 10.431 10.258 10.436 10.267 10.642 10.102  9.632  9.699  9.673  9.683  9.767  9.847 10.022  9.954 10.080 10.042  9.963  9.810  9.830
  9.830  9.915  9.842 10.126 10.060 10.156 10.081 10.168 10.429  9.752  9.840  9.628  9.698  9.802  9.864  9.771  9.848 10.030  9.982 10.008 10.050 10.083  9.830
  9.830 10.000  9.838  9.959  9.957 10.152  9.997 10.447 10.420 10.439 10.041  9.753  9.707  9.692  9.814  9.812  9.910  9.979  9.949 10.080 10.087 10.197  9.830
  9.830 10.055  9.854 10.082 10.089 10.435 10.327 10.565 10.188 10.229  9.901 10.087  9.677  9.705  9.784  9.813  9.839  9.860  9.923 10.024 10.144 10.296  9.830
  9.830 10.017  9.886  9.936 10.080  9.821 10.174 10.172 10.418 10.130  9.520  9.754  9.601  9.727  9.726  9.737  9.666  9.823  9.929  9.999 10.067 10.254  9.830
  9.830  9.845  9.790  9.892 10.260 10.647 10.114  9.951 10.055 10.312  9.997  9.867 10.134  9.660  9.665  9.689  9.733  9.720  9.971 10.001  9.940  9.934  9.830
  9.830 10.015  9.942 10.008 10.128 10.407 10.732 10.096 10.407 10.509  9.820  9.593  9.764  9.886  9.761  9.652  9.739  9.717  9.727  9.803  9.830  9.877  9.830
  9.830  9.977  9.934 10.118 10.057 10.523 11.029 10.841 10.271 10.029  9.930  9.966  9.831  9.766  9.840  9.684  9.689  9.778  9.762  9.791  9.930 10.090  9.830
  9.830  9.958 10.069 10.082 10.151 10.534 10.486 10.152 10.022  9.630  9.891 10.109  9.919  9.885  9.812  9.704  9.718  9.684  9.749  9.843  9.940 10.025  9.830
  9.830 10.263  9.932  9.899 10.015 10.409 10.388 10.139  9.854 10.042  9.986  9.859  9.808  9.962  9.903  9.715  9.744  9.708  9.774  9.869  9.924 10.077  9.830
  9.830 10.106  9.719 10.040 10.597 10.303  9.983 10.331  9.932 10.255 10.312 10.205  9.883 10.139 10.038  9.910  9.758  9.630 10.175  9.806 10.114 10.130  9.830
  9.830  9.830  9.830  9.830  9.830  9.830  9.830  9.830  9.830  9.830  9.830  9.830  9.830  9.830  9.830  9.830  9.830  9.830  9.830  9.830  9.830  9.830  9.830
  9.965  9.965  9.965  9.965 10.463 10.463 10.463 10.463  9.965  9.965  9.965  9.965  9.965  9.965  9.965  9.965  9.965  9.965  9.965  9.965  9.965  9.965  9.965
  9.965 10.054  9.804 10.024 10.621 11.302 10.477 10.224 10.025 10.078  9.994  9.895  9.836  9.940  9.931  9.846  9.921  9.793 10.081 10.310 10.204 10.184  9.965
  9.965 10.003  9.919  9.969 10.503 10.717 10.813 10.217 10.192  9.950  9.954  9.864  9.808  9.855  9.887  9.900 10.160 10.002  9.882 10.062 10.233 10.102  9.965
  9.965 10.019 10.007 10.006 10.471 10.646 10.643 10.533 10.443  9.987  9.894  9.783  9.788  9.918  9.872  9.948 10.154 10.153 10.250 10.125  9.974  9.722  9.965
  9.965  9.982  9.957 10.019 10.660 10.452 10.415 10.695 10.550 10.554  9.937  9.801  9.804  9.840  9.860  9.994 10.127 10.071 10.157 10.170 10.178 10.020  9.965
  9.965 10.158 10.095 10.186  9.935 10.176 10.342 10.516 10.403 10.387  9.667  9.738  9.819  9.906  9.987 10.024 10.043 10.157 10.108 10.186 10.202 10.177  9.965
  9.965 10.222 10.054 10.085  9.748  9.912 10.196 10.805 10.552 10.622 10.057  9.830  9.927  9.865  9.898  9.882  9.929 10.091 10.139 10.269 10.233 10.315  9.965
  9.965 10.210 10.068 10.138 10.156 10.405 10.432 10.928 10.659 10.475 10.280  9.776  9.840  9.788  9.873  9.956 10.030 10.092 10.108 10.154 10.277 10.508  9.965
  9.965 10.030 10.205 10.298 10.079 10.135 10.235 10.416 10.714 10.313  9.692 10.018  9.762  9.840  9.912  9.899  9.862  9.999 10.034 10.106 10.192 10.477  9.965
  9.965  9.870 10.016 10.393 10.541 10.357 10.154 10.307 10.453 10.197  9.749 10.029 10.341  9.902  9.885  9.838  9.840  9.879 10.119 10.132 10.079 10.041  9.965
  9.965  9.997  9.958 10.138 10.212 10.002 10.202 10.188 10.269 10.401  9.830  9.818  9.998 10.016  9.858  9.846  9.818  9.812  9.901  9.940  9.962 10.027  9.965
  9.965 10.174  9.995 10.431  9.979 10.447 10.763 10.537  9.898 10.302 10.041 10.029  9.969 10.031  9.872  9.859  9.854  9.915  9.860  9.897 10.000 10.138  9.965
  9.965  9.979 10.183 10.343 10.105 10.562 10.358 10.016 10.205  9.896 10.211 10.167 10.176 10.145 10.008  9.833  9.818  9.776  9.852  9.963 10.032 10.120  9.965
  9.965 10.254 10.002 10.046 10.116 10.510 10.351 10.187 10.058 10.117 10.037  9.989  9.936 10.020 10.010  9.799  9.893  9.829  9.894  9.980 10.059 10.146  9.965
  9.965 10.369 10.021  9.972 10.484 10.655  9.982  9.874 10.165 10.304 10.105 10.285 10.255 10.078 10.088 10.084  9.981  9.761 10.129  9.921 10.176 10.311  9.965
  9.965  9.965  9.965  9.965  9.965  9.965  9.965  9.965  9.965  9.965  9.965  9.965  9.965  9.965  9.965  9.965  9.965  9.965  9.965  9.965  9.965  9.965  9.965
 10.155 10.155 10.155 10.155 10.663 10.663 10.663 10.358 10.155 10.155 10.155 10.155 10.155 10.155 10.155 10.155 10.155 10.155 10.155 10.155 10.155 10.155 10.155
 10.155 10.184 10.054 10.326 10.972 10.955 10.640 10.132 10.089 10.155 10.102 10.024  9.929 10.118 10.211 10.164 10.167 10.062 10.251 10.545 10.506 10.363 10.155
 10.155 10.159 10.223 10.230 10.543 10.850 10.287 10.332 10.129 10.025  9.980  9.968  9.941 10.064 10.195 10.154 10.297 10.334  9.945 10.181 10.326 10.197 10.155
 10.155 10.079 10.156 10.170 10.445 11.073 10.778 10.383 10.184 10.039 10.063 10.022  9.937 10.009 10.109 10.228 10.348 10.466 10.303 10.464 10.301 10.148 10.155
 10.155 10.123 10.207 10.294 10.484 10.150 11.035 10.758 10.297 10.046 10.046  9.927  9.938  9.946 10.038 10.228 10.318 10.298 10.223 10.351 10.458 10.319 10.155
 10.155 10.359 10.477 10.385 10.237 10.271 11.033 10.618 10.498 10.099 10.038  9.877  9.964  9.990 10.136 10.273 10.299 10.322 10.267 10.374 10.360 10.298 10.155
 10.155 10.324 10.429 10.334 10.091 10.335 10.768 10.859 10.307 10.313 10.296  9.871 10.055 10.043 10.024 10.154 10.177 10.272 10.348 10.455 10.353 10.546 10.155
 10.155 10.144 10.213 10.220 10.328 10.355 10.441 10.884 10.538 10.755 10.774 10.056 10.044  9.906  9.914 10.083 10.202 10.409 10.399 10.329 10.387 10.682 10.155
 10.155 10.055 10.519 10.353 10.285 10.608 10.315 10.682 10.942 10.592 10.386 10.316 10.018 10.005  9.996 10.044 10.062 10.170 10.303 10.299 10.393 10.610 10.155
 10.155  9.961 10.352 10.643 10.431 10.482 10.160 10.435 11.015 10.673 10.474 10.359 10.530 10.121 10.149 10.095 10.010 10.059 10.305 10.250 10.222 10.172 10.155
 10.155  9.867 10.065 10.296 10.433 10.523 10.788 10.411 10.479 10.307 10.031 10.093 10.135 10.092 10.072 10.125 10.025  9.993 10.094 10.165 10.238 10.181 10.155
 10.155 10.080 10.218 10.618 10.131 10.573 10.636 10.210 10.167 10.755 10.444 10.121 10.177 10.325 10.027 10.136 10.073 10.044 10.003  9.975 10.176 10.287 10.155
 10.155 10.136 10.524 10.765 10.192 10.431 10.368 10.231 10.192 10.141 10.536 10.314 10.253 10.434 10.266 10.031  9.980  9.994 10.035 10.057 10.134 10.321 10.155
 10.155 10.089 10.167 10.244 10.221 10.281 10.407 10.500 10.250 10.251 10.226 10.289 10.114 10.123 10.225  9.985  9.938 10.017 10.081 10.076 10.191 10.231 10.155
 10.155 10.292 10.239  9.754 10.340 10.648 10.095  9.945 10.509 10.259 10.032 10.271 10.499 10.072 10.241 10.144 10.254  9.970  9.943 10.183 10.267 10.326 10.155
 10.155 10.155 10.155 10.155 10.155 10.155 10.155 10.155 10.155 10.155 10.155 10.155 10.155 10.155 10.155 10.155 10.155 10.155 10.155 10.155 10.155 10.155 10.155
 10.874 10.874 10.874 10.874 11.417 11.417 11.417 10.874 10.874 10.874 10.874 10.874 10.874 10.874 10.874 10.874 10.874 10.874 10.874 10.874 10.874 10.874 10.874
 10.874 10.722 10.736 10.942 11.531 11.251 10.888 10.754 10.651 10.822 10.691 10.616 10.602 10.873 11.153 11.007 10.812 10.918 10.842 11.244 11.296 11.241 10.874
 10.874 10.874 10.799 10.785 11.473 11.326 10.804 10.791 10.757 10.758 10.616 10.603 10.601 10.834 10.965 10.858 10.860 11.207 10.874 11.023 10.918 10.856 10.874
 10.874 10.906 10.813 10.710 11.205 11.502 11.330 11.129 10.860 10.756 10.653 10.618 10.644 10.825 10.852 10.908 10.932 11.194 11.005 11.168 11.225 11.012 10.874
 10.874 11.008 10.879 10.960 11.137 11.733 11.355 11.351 10.776 10.721 10.742 10.653 10.622 10.574 10.611 10.923 10.979 10.985 10.937 10.965 11.252 11.233 10.874
 10.874 11.252 11.277 11.082 10.772 11.457 11.627 11.119 10.726 10.793 10.774 10.663 10.641 10.695 10.888 10.967 11.005 11.027 10.998 11.075 11.180 11.013 10.874
 10.874 11.149 11.221 11.157 11.123 11.343 11.386 11.463 11.106 11.010 10.645 10.706 10.640 10.740 10.800 10.845 10.983 11.023 11.031 11.164 11.079 11.267 10.874
 10.874 10.845 11.095 10.868 10.956 11.287 11.452 11.368 11.205 11.349 11.083 10.775 10.652 10.625 10.563 10.671 10.912 11.097 11.237 11.086 10.944 11.345 10.874
 10.874 10.679 10.926 10.782 11.061 11.411 11.396 11.532 11.317 10.986 11.378 10.617 10.700 10.739 10.704 10.698 10.775 10.913 11.105 11.014 11.033 11.060 10.874
 10.874 11.026 11.363 11.124 10.920 11.151 11.276 11.583 11.478 11.419 11.582 11.105 11.131 10.757 10.851 10.835 10.778 10.839 10.945 10.814 10.893 10.834 10.874
 10.874 10.644 11.050 11.152 10.889 11.156 11.386 11.547 11.468 11.199 10.758 10.793 10.869 10.794 10.808 10.912 10.789 10.782 10.854 10.856 10.882 10.951 10.874
 10.874 10.616 10.909 11.133 11.092 11.337 11.169 11.375 11.152 11.326 10.957 10.719 10.916 10.873 10.756 10.947 10.836 10.630 10.739 10.562 10.752 10.939 10.874
 10.874 11.015 11.425 11.281 10.659 11.064 11.132 11.365 11.057 10.916 11.105 10.775 10.896 10.909 10.898 10.784 10.680 10.655 10.639 10.624 10.800 10.817 10.874
 10.874 10.681 11.030 10.943 10.815 10.806 10.817 11.077 11.000 11.025 10.957 11.053 11.000 10.750 10.786 10.744 10.535 10.701 10.747 10.754 10.862 10.863 10.874
 10.874 10.651 11.220 10.378 10.830 11.080 10.827 10.871 10.814 10.906 10.559 11.032 10.890 10.815 10.522 10.906 10.833 10.907 10.720 10.954 11.011 10.972 10.874
 10.874 10.874 10.874 10.874 10.874 10.874 10.874 10.874 10.874 10.874 10.874 10.874 10.874 10.874 10.874 10.874 10.874 10.874 10.874 10.874 10.874 10.874 10.874
 11.002 11.002 11.002 11.002 11.552 11.552 11.332 11.002 11.002 11.002 11.002 11.002 11.002 11.002 11.002 11.002 11.002 11.002 11.002 11.002 11.002 11.002 11.002
 11.002 10.768 10.858 10.948 11.488 11.258 11.131 10.924 10.797 10.836 10.663 10.631 10.791 11.083 11.342 11.261 11.049 11.177 10.874 11.115 11.538 11.650 11.002
 11.002 10.932 10.920 10.929 11.596 11.227 10.869 10.787 10.826 10.832 10.671 10.626 10.784 10.871 10.969 11.055 11.066 11.323 11.349 11.082 11.154 11.354 11.002
 11.002 10.947 10.847 10.757 11.249 10.981 11.214 11.227 11.125 10.996 10.814 10.701 10.791 10.816 10.926 11.053 11.144 11.257 11.184 11.042 11.404 11.682 11.002
 11.002 11.199 11.031 11.108 11.235 11.528 11.545 11.649 11.184 10.937 10.821 10.874 10.811 10.843 10.919 11.086 11.049 11.099 11.227 11.066 11.376 11.459 11.002
 11.002 11.465 11.451 10.979 10.864 11.627 11.740 11.337 10.937 10.764 10.762 10.879 10.893 10.947 11.057 11.101 11.110 11.106 11.234 11.323 11.465 11.419 11.002
 11.002 11.285 11.303 11.458 11.172 11.643 11.495 11.218 11.112 11.136 10.660 10.854 10.889 10.864 10.926 10.950 11.131 11.243 11.078 11.309 11.326 11.433 11.002
 11.002 11.323 11.382 11.191 10.952 11.432 11.725 11.413 11.549 11.406 11.021 10.942 10.722 10.760 10.751 10.691 11.015 11.170 11.306 11.280 11.129 11.451 11.002
 11.002 10.899 10.849 11.002 10.940 11.435 11.515 11.343 11.402 11.008 11.329 10.906 10.814 10.788 10.703 10.806 10.933 11.020 11.292 11.236 11.152 11.107 11.002
 11.002 11.285 11.125 11.078 11.321 11.622 11.656 11.390 11.278 11.330 11.480 11.281 10.733 10.831 10.805 11.076 11.127 11.022 11.150 10.932 11.000 10.982 11.002
 11.002 11.423 11.204 10.879 11.047 11.739 11.925 11.468 11.736 11.193 11.115 11.050 11.140 10.917 10.915 11.054 11.076 10.987 11.143 10.986 10.912 10.951 11.002
 11.002 11.269 10.867 11.117 11.403 11.506 11.602 11.599 11.467 11.226 10.895 10.879 11.072 10.766 10.877 10.936 10.934 10.722 10.795 10.786 10.848 11.015 11.002
 11.002 11.286 11.055 11.055 10.773 11.388 11.224 11.310 10.988 10.960 11.030 10.923 11.182 10.865 10.841 10.989 10.799 10.780 10.810 10.737 10.894 10.875 11.002
 11.002 11.059 11.128 10.976 10.660 10.886 10.881 11.159 11.271 11.240 10.956 11.170 11.420 10.908 10.625 10.801 10.766 10.778 10.830 10.776 10.903 10.983 11.002
 11.002 10.955 11.743 10.709 10.436 10.743 11.092 10.924 10.785 10.771 11.004 11.360 11.233 10.688 10.487 10.896 11.009 11.028 11.177 11.074 11.090 11.033 11.002
 11.002 11.002 11.002 11.002 11.002 11.002 11.002 11.002 11.002 11.002 11.002 11.002 11.002 11.002 11.002 11.002 11.002 11.002 11.002 11.002 11.002 11.002 11.002
 11.120 11.120 11.120 11.120 11.176 11.231 11.120 11.120 11.120 11.120 11.120 11.120 11.120 11.120 11.120 11.120 11.120 11.120 11.120 11.120 11.120 11.120 11.120
 11.120 11.120 11.120 11.120 11.342 11.620 11.620 11.509 11.120 11.120 11.120 11.120 11.120 11.120 11.120 11.120 11.120 11.120 11.120 11.120 11.120 11.120 11.120
 11.120 11.120 11.120 11.120 11.231 11.676 11.676 11.620 11.120 11.120 11.120 11.120 11.120 11.120 11.120 11.120 11.120 11.120 11.120 11.120 11.120 11.120 11.120
 11.120 11.120 11.120 11.120 11.176 11.648 11.676 11.676 11.120 11.120 11.120 11.120 11.120 11.120 11.120 11.120 11.120 11.120 11.120 11.120 11.120 11.120 11.120
 11.120 11.120 11.120 11.120 11.176 11.565 11.676 11.676 11.120 11.120 11.120 11.120 11.120 11.120 11.120 11.120 11.120 11.120 11.120 11.120 11.120 11.120 11.120
 11.120 11.120 11.120 11.120 11.176 11.509 11.676 11.676 11.120 11.120 11.120 11.120 11.120 11.120 11.120 11.120 11.120 11.120 11.120 11.120 11.120 11.120 11.120
 11.120 11.120 11.120 11.120 11.176 11.509 11.676 11.676 11.120 11.120 11.120 11.120 11.120 11.120 11.120 11.120 11.120 11.120 11.120 11.120 11.120 11.120 11.120
 11.120 11.120 11.120 11.120 11.176 11.454 11.676 11.676 11.120 11.120 11.120 11.120 11.120 11.120 11.120 11.120 11.120 11.120 11.120 11.120 11.120 11.120 11.120
 11.120 11.120 11.120 11.120 11.176 11.454 11.620 11.565 11.120 11.120 11.120 11.120 11.120 11.120 11.120 11.120 11.120 11.120 11.120 11.120 11.120 11.120 11.120
 11.120 11.120 11.120 11.120 11.120 11.398 11.565 11.565 11.120 11.120 11.120 11.120 11.120 11.120 11.120 11.120 11.120 11.120 11.120 11.120 11.120 11.120 11.120
 11.120 11.120 11.120 11.120 11.176 11.342 11.676 11.676 11.120 11.120 11.120 11.120 11.120 11.120 11.120 11.120 11.120 11.120 11.120 11.120 11.120 11.120 11.120
 11.120 11.120 11.120 11.120 11.120 11.342 11.676 11.676 11.120 11.120 11.120 11.120 11.120 11.120 11.120 11.120 11.120 11.120 11.120 11.120 11.120 11.120 11.120
 11.120 11.120 11.120 11.120 11.120 11.176 11.231 11.176 11.120 11.120 11.120 11.120 11.120 11.120 11.120 11.120 11.120 11.120 11.120 11.120 11.120 11.120 11.120
 11.120 11.120 11.120 11.120 11.120 11.120 11.120 11.176 11.120 11.120 11.120 11.120 11.120 11.120 11.120 11.120 11.120 11.120 11.120 11.120 11.120 11.120 11.120
 11.120 11.120 11.120 11.120 11.120 11.120 11.120 11.120 11.120 11.120 11.120 11.120 11.120 11.120 11.120 11.120 11.120 11.120 11.120 11.120 11.120 11.120 11.120
 11.120 11.120 11.120 11.120 11.120 11.120 11.120 11.120 11.120 11.120 11.120 11.120 11.120 11.120 11.120 11.120 11.120 11.120 11.120 11.120 11.120 11.120 11.120
